NickName,serial_number,capture_datetime_utc,fertilizer_level,light,soil_moisture_percent,air_temperature_celsius
Flower power 1099,PI040298AD5I211178,2018-08-21 16:12:20,-1.0,28.59,11.88,44.32
Flower power 1099,PI040298AD5I211178,2018-08-21 16:27:20,-1.0,46.58,11.88,44.16
Flower power 1099,PI040298AD5I211178,2018-08-21 16:42:20,-1.0,33.98,12.01,42.57
Flower power 1099,PI040298AD5I211178,2018-08-21 16:57:20,-1.0,52.06,12.27,43.59
Flower power 1099,PI040298AD5I211178,2018-08-21 17:12:20,-1.0,42.65,12.4,42.67
Flower power 1099,PI040298AD5I211178,2018-08-21 17:27:20,-1.0,25.41,12.52,39.94
Flower power 1099,PI040298AD5I211178,2018-08-21 17:42:20,-1.0,29.88,12.4,40.14
Flower power 1099,PI040298AD5I211178,2018-08-21 17:57:20,-1.0,11.67,12.78,33.25
Flower power 1099,PI040298AD5I211178,2018-08-21 18:12:20,-1.0,9.81,12.91,31.12
Flower power 1099,PI040298AD5I211178,2018-08-21 18:27:20,-1.0,7.76,12.52,30.19
Flower power 1099,PI040298AD5I211178,2018-08-21 18:42:20,-1.0,5.37,12.65,29.26
Flower power 1099,PI040298AD5I211178,2018-08-21 18:57:20,-1.0,2.92,12.4,28.15
Flower power 1099,PI040298AD5I211178,2018-08-21 19:12:20,-1.0,1.02,12.4,26.82
Flower power 1099,PI040298AD5I211178,2018-08-21 19:27:20,-1.0,0.16,12.52,26.06
Flower power 1099,PI040298AD5I211178,2018-08-21 19:42:20,-1.0,0.1,12.91,25.52
Flower power 1099,PI040298AD5I211178,2018-08-21 19:57:20,-1.0,0.1,12.65,25.11
Flower power 1099,PI040298AD5I211178,2018-08-21 20:12:20,-1.0,0.1,12.52,24.66
Flower power 1099,PI040298AD5I211178,2018-08-21 20:27:20,-1.0,0.1,12.65,24.29
Flower power 1099,PI040298AD5I211178,2018-08-21 20:42:20,-1.0,0.1,12.52,23.88
Flower power 1099,PI040298AD5I211178,2018-08-21 20:57:20,-1.0,0.1,12.91,23.83
Flower power 1099,PI040298AD5I211178,2018-08-21 21:12:20,-1.0,0.1,12.52,23.74
Flower power 1099,PI040298AD5I211178,2018-08-21 21:27:20,-1.0,0.1,12.52,23.97
Flower power 1099,PI040298AD5I211178,2018-08-21 21:42:20,-1.0,0.1,12.65,23.74
Flower power 1099,PI040298AD5I211178,2018-08-21 21:57:20,-1.0,0.1,12.78,23.65
Flower power 1099,PI040298AD5I211178,2018-08-21 22:12:20,-1.0,0.1,12.65,23.51
Flower power 1099,PI040298AD5I211178,2018-08-21 22:27:20,-1.0,0.1,12.91,23.7
Flower power 1099,PI040298AD5I211178,2018-08-21 22:42:20,-1.0,0.1,12.4,23.6
Flower power 1099,PI040298AD5I211178,2018-08-21 22:57:20,-1.0,0.1,12.52,22.58
Flower power 1099,PI040298AD5I211178,2018-08-21 23:12:20,-1.0,0.1,12.91,22.63
Flower power 1099,PI040298AD5I211178,2018-08-21 23:27:20,-1.0,0.1,12.27,22.02
Flower power 1099,PI040298AD5I211178,2018-08-21 23:42:20,-1.0,0.1,12.65,21.79
Flower power 1099,PI040298AD5I211178,2018-08-21 23:57:20,-1.0,0.1,12.91,21.55
Flower power 1099,PI040298AD5I211178,2018-08-22 00:12:20,-1.0,0.1,12.91,21.36
Flower power 1099,PI040298AD5I211178,2018-08-22 00:27:20,-1.0,0.1,12.52,21.69
Flower power 1099,PI040298AD5I211178,2018-08-22 00:42:20,-1.0,0.1,12.65,21.5
Flower power 1099,PI040298AD5I211178,2018-08-22 00:57:20,-1.0,0.1,12.65,20.93
Flower power 1099,PI040298AD5I211178,2018-08-22 01:12:20,-1.0,0.1,12.4,19.96
Flower power 1099,PI040298AD5I211178,2018-08-22 01:27:20,-1.0,0.1,12.91,19.57
Flower power 1099,PI040298AD5I211178,2018-08-22 01:42:20,-1.0,0.1,12.78,19.33
Flower power 1099,PI040298AD5I211178,2018-08-22 01:57:20,-1.0,0.1,12.27,18.88
Flower power 1099,PI040298AD5I211178,2018-08-22 02:12:20,-1.0,0.1,12.78,18.49
Flower power 1099,PI040298AD5I211178,2018-08-22 02:27:20,-1.0,0.1,12.65,18.19
Flower power 1099,PI040298AD5I211178,2018-08-22 02:42:20,-1.0,0.1,12.91,18.13
Flower power 1099,PI040298AD5I211178,2018-08-22 02:57:20,-1.0,0.1,12.78,17.83
Flower power 1099,PI040298AD5I211178,2018-08-22 03:12:20,-1.0,0.1,12.27,17.68
Flower power 1099,PI040298AD5I211178,2018-08-22 03:27:20,-1.0,0.1,12.4,17.43
Flower power 1099,PI040298AD5I211178,2018-08-22 03:42:20,-1.0,0.1,12.65,17.43
Flower power 1099,PI040298AD5I211178,2018-08-22 03:57:20,-1.0,0.1,12.4,17.22
Flower power 1099,PI040298AD5I211178,2018-08-22 04:12:20,-1.0,0.1,12.65,17.12
Flower power 1099,PI040298AD5I211178,2018-08-22 04:27:20,-1.0,0.1,12.65,16.91
Flower power 1099,PI040298AD5I211178,2018-08-22 04:42:20,-1.0,0.1,12.78,17.02
Flower power 1099,PI040298AD5I211178,2018-08-22 04:57:20,-1.0,0.1,12.65,17.07
Flower power 1099,PI040298AD5I211178,2018-08-22 05:12:20,-1.0,0.1,12.78,17.38
Flower power 1099,PI040298AD5I211178,2018-08-22 05:27:20,-1.0,0.1,12.52,17.53
Flower power 1099,PI040298AD5I211178,2018-08-22 05:42:20,-1.0,0.1,12.27,17.53
Flower power 1099,PI040298AD5I211178,2018-08-22 05:57:20,-1.0,0.57,12.91,17.53
Flower power 1099,PI040298AD5I211178,2018-08-22 06:12:20,-1.0,2.14,12.27,19.03
Flower power 1099,PI040298AD5I211178,2018-08-22 06:27:20,-1.0,4.7,12.4,19.38
Flower power 1099,PI040298AD5I211178,2018-08-22 06:42:20,-1.0,7.51,12.78,20.06
Flower power 1099,PI040298AD5I211178,2018-08-22 06:57:20,-1.0,10.08,12.4,21.6
Flower power 1099,PI040298AD5I211178,2018-08-22 07:12:20,-1.0,12.49,12.78,22.63
Flower power 1099,PI040298AD5I211178,2018-08-22 07:27:20,-1.0,24.22,12.65,24.75
Flower power 1099,PI040298AD5I211178,2018-08-22 07:42:20,-1.0,45.74,12.52,31.38
Flower power 1099,PI040298AD5I211178,2018-08-22 07:57:20,-1.0,27.78,12.78,33.47
Flower power 1099,PI040298AD5I211178,2018-08-22 08:12:20,-1.0,37.0,12.78,35.5
Flower power 1099,PI040298AD5I211178,2018-08-22 08:27:20,-1.0,48.58,12.65,36.78
Flower power 1099,PI040298AD5I211178,2018-08-22 08:42:20,-1.0,55.44,12.27,39.99
Flower power 1099,PI040298AD5I211178,2018-08-22 08:57:20,-1.0,68.76,12.91,40.82
Flower power 1099,PI040298AD5I211178,2018-08-22 09:12:20,-1.0,44.53,12.52,39.8
Flower power 1099,PI040298AD5I211178,2018-08-22 09:27:20,-1.0,107.49,12.4,45.65
Flower power 1099,PI040298AD5I211178,2018-08-22 09:42:20,-1.0,122.26,12.91,47.92
Flower power 1099,PI040298AD5I211178,2018-08-22 09:57:20,-1.0,129.64,12.65,48.43
Flower power 1099,PI040298AD5I211178,2018-08-22 10:12:20,-1.0,134.49,12.91,50.83
Flower power 1099,PI040298AD5I211178,2018-08-22 10:27:20,-1.0,139.72,12.78,51.26
Flower power 1099,PI040298AD5I211178,2018-08-22 10:42:20,-1.0,137.93,12.65,50.36
Flower power 1099,PI040298AD5I211178,2018-08-22 10:57:20,-1.0,147.33,12.65,51.81
Flower power 1099,PI040298AD5I211178,2018-08-22 11:12:20,-1.0,120.88,12.65,51.26
Flower power 1099,PI040298AD5I211178,2018-08-22 11:27:20,-1.0,153.59,12.78,51.08
Flower power 1099,PI040298AD5I211178,2018-08-22 11:42:20,-1.0,158.05,13.16,53.11
Flower power 1099,PI040298AD5I211178,2018-08-22 11:57:20,-1.0,153.59,12.91,54.52
Flower power 1099,PI040298AD5I211178,2018-08-22 12:12:20,-1.0,158.05,12.91,55.0
Flower power 1099,PI040298AD5I211178,2018-08-22 12:27:20,-1.0,136.19,12.78,54.59
Flower power 1099,PI040298AD5I211178,2018-08-22 12:42:20,-1.0,155.79,12.91,55.0
Flower power 1099,PI040298AD5I211178,2018-08-22 12:57:20,-1.0,155.79,13.04,55.0
Flower power 1099,PI040298AD5I211178,2018-08-22 13:12:20,-1.0,151.44,13.16,55.0
Flower power 1099,PI040298AD5I211178,2018-08-22 13:27:20,-1.0,149.36,12.78,55.0
Flower power 1099,PI040298AD5I211178,2018-08-22 13:42:20,-1.0,147.33,13.16,55.0
Flower power 1099,PI040298AD5I211178,2018-08-22 13:57:20,-1.0,141.55,13.16,55.0
Flower power 1099,PI040298AD5I211178,2018-08-22 14:12:20,-1.0,84.32,13.29,52.3
Flower power 1099,PI040298AD5I211178,2018-08-22 14:27:20,-1.0,132.84,13.29,55.0
Flower power 1099,PI040298AD5I211178,2018-08-22 14:42:20,-1.0,128.09,13.16,55.0
Flower power 1099,PI040298AD5I211178,2018-08-22 14:57:20,-1.0,120.88,13.29,55.0
Flower power 1099,PI040298AD5I211178,2018-08-22 15:12:20,-1.0,113.2,12.91,55.0
Flower power 1099,PI040298AD5I211178,2018-08-22 15:27:20,-1.0,104.32,13.42,51.44
Flower power 1099,PI040298AD5I211178,2018-08-22 15:42:20,-1.0,94.13,13.29,49.0
Flower power 1099,PI040298AD5I211178,2018-08-22 15:57:20,-1.0,77.46,13.16,46.41
Flower power 1099,PI040298AD5I211178,2018-08-22 16:12:20,-1.0,35.05,13.04,44.85
Flower power 1099,PI040298AD5I211178,2018-08-22 16:27:20,-1.0,44.53,12.91,44.74
Flower power 1099,PI040298AD5I211178,2018-08-22 16:42:20,-1.0,43.38,13.16,44.48
Flower power 1099,PI040298AD5I211178,2018-08-22 16:57:20,-1.0,37.55,13.04,43.03
Flower power 1099,PI040298AD5I211178,2018-08-22 17:12:20,-1.0,18.52,13.42,38.93
Flower power 1099,PI040298AD5I211178,2018-08-22 17:27:20,-1.0,26.51,13.04,38.93
Flower power 1099,PI040298AD5I211178,2018-08-22 17:42:20,-1.0,28.18,13.29,37.33
Flower power 1099,PI040298AD5I211178,2018-08-22 17:57:20,-1.0,11.26,13.29,31.6
Flower power 1099,PI040298AD5I211178,2018-08-22 18:12:20,-1.0,8.83,12.91,29.35
Flower power 1099,PI040298AD5I211178,2018-08-22 18:27:20,-1.0,7.34,12.91,28.46
Flower power 1099,PI040298AD5I211178,2018-08-22 18:42:20,-1.0,5.07,13.29,27.62
Flower power 1099,PI040298AD5I211178,2018-08-22 18:57:20,-1.0,2.7,13.04,26.86
Flower power 1099,PI040298AD5I211178,2018-08-22 19:12:20,-1.0,0.88,13.16,25.88
Flower power 1099,PI040298AD5I211178,2018-08-22 19:27:20,-1.0,0.13,13.16,25.07
Flower power 1099,PI040298AD5I211178,2018-08-22 19:42:20,-1.0,0.1,12.78,24.02
Flower power 1099,PI040298AD5I211178,2018-08-22 19:57:20,-1.0,0.1,13.04,23.51
Flower power 1099,PI040298AD5I211178,2018-08-22 20:12:20,-1.0,0.1,13.16,23.24
Flower power 1099,PI040298AD5I211178,2018-08-22 20:27:20,-1.0,0.1,12.91,22.91
Flower power 1099,PI040298AD5I211178,2018-08-22 20:42:20,-1.0,0.1,12.65,22.96
Flower power 1099,PI040298AD5I211178,2018-08-22 20:57:20,-1.0,0.1,12.78,22.63
Flower power 1099,PI040298AD5I211178,2018-08-22 21:12:20,-1.0,0.1,13.04,22.68
Flower power 1099,PI040298AD5I211178,2018-08-22 21:27:20,-1.0,0.1,12.91,22.3
Flower power 1099,PI040298AD5I211178,2018-08-22 21:42:20,-1.0,0.1,13.04,21.74
Flower power 1099,PI040298AD5I211178,2018-08-22 21:57:20,-1.0,0.1,12.91,20.88
Flower power 1099,PI040298AD5I211178,2018-08-22 22:12:20,-1.0,0.1,12.91,20.98
Flower power 1099,PI040298AD5I211178,2018-08-22 22:27:20,-1.0,0.1,13.16,21.17
Flower power 1099,PI040298AD5I211178,2018-08-22 22:42:20,-1.0,0.1,12.78,21.31
Flower power 1099,PI040298AD5I211178,2018-08-22 22:57:20,-1.0,0.1,12.78,21.5
Flower power 1099,PI040298AD5I211178,2018-08-22 23:12:20,-1.0,0.1,12.65,21.64
Flower power 1099,PI040298AD5I211178,2018-08-22 23:27:20,-1.0,0.1,12.65,20.88
Flower power 1099,PI040298AD5I211178,2018-08-22 23:42:20,-1.0,0.1,13.04,21.17
Flower power 1099,PI040298AD5I211178,2018-08-22 23:57:20,-1.0,0.1,12.65,21.17
Flower power 1099,PI040298AD5I211178,2018-08-23 00:12:20,-1.0,0.1,13.04,20.88
Flower power 1099,PI040298AD5I211178,2018-08-23 00:27:20,-1.0,0.1,12.91,20.88
Flower power 1099,PI040298AD5I211178,2018-08-23 00:42:20,-1.0,0.1,12.52,20.74
Flower power 1099,PI040298AD5I211178,2018-08-23 00:57:20,-1.0,0.1,12.78,20.55
Flower power 1099,PI040298AD5I211178,2018-08-23 01:12:20,-1.0,0.1,12.91,20.26
Flower power 1099,PI040298AD5I211178,2018-08-23 01:27:20,-1.0,0.1,12.65,20.98
Flower power 1099,PI040298AD5I211178,2018-08-23 01:42:20,-1.0,0.1,12.52,21.17
Flower power 1099,PI040298AD5I211178,2018-08-23 01:57:20,-1.0,0.1,12.78,21.22
Flower power 1099,PI040298AD5I211178,2018-08-23 02:12:20,-1.0,0.1,12.78,21.31
Flower power 1099,PI040298AD5I211178,2018-08-23 02:27:20,-1.0,0.1,12.78,21.07
Flower power 1099,PI040298AD5I211178,2018-08-23 02:42:20,-1.0,0.1,12.78,20.21
Flower power 1099,PI040298AD5I211178,2018-08-23 02:57:20,-1.0,0.1,13.04,19.03
Flower power 1099,PI040298AD5I211178,2018-08-23 03:12:20,-1.0,0.1,12.78,18.54
Flower power 1099,PI040298AD5I211178,2018-08-23 03:27:20,-1.0,0.1,12.4,18.39
Flower power 1099,PI040298AD5I211178,2018-08-23 03:42:20,-1.0,0.1,12.78,18.39
Flower power 1099,PI040298AD5I211178,2018-08-23 03:57:20,-1.0,0.1,12.78,17.78
Flower power 1099,PI040298AD5I211178,2018-08-23 04:12:20,-1.0,0.1,12.52,17.88
Flower power 1099,PI040298AD5I211178,2018-08-23 04:27:20,-1.0,0.1,12.78,18.03
Flower power 1099,PI040298AD5I211178,2018-08-23 04:42:20,-1.0,0.1,12.78,17.83
Flower power 1099,PI040298AD5I211178,2018-08-23 04:57:20,-1.0,0.1,12.4,17.43
Flower power 1099,PI040298AD5I211178,2018-08-23 05:12:20,-1.0,0.1,12.52,17.22
Flower power 1099,PI040298AD5I211178,2018-08-23 05:27:20,-1.0,0.1,12.27,17.22
Flower power 1099,PI040298AD5I211178,2018-08-23 05:42:20,-1.0,0.1,12.4,17.43
Flower power 1099,PI040298AD5I211178,2018-08-23 05:57:20,-1.0,0.5,12.78,17.58
Flower power 1099,PI040298AD5I211178,2018-08-23 06:12:20,-1.0,1.84,12.78,18.03
Flower power 1099,PI040298AD5I211178,2018-08-23 06:27:20,-1.0,4.18,12.78,18.83
Flower power 1099,PI040298AD5I211178,2018-08-23 06:42:20,-1.0,7.25,12.65,20.59
Flower power 1099,PI040298AD5I211178,2018-08-23 06:57:20,-1.0,10.13,12.78,21.41
Flower power 1099,PI040298AD5I211178,2018-08-23 07:12:20,-1.0,12.69,12.65,22.3
Flower power 1099,PI040298AD5I211178,2018-08-23 07:27:20,-1.0,17.8,12.65,24.25
Flower power 1099,PI040298AD5I211178,2018-08-23 07:41:37,-1.0,36.06,12.65,28.86
Flower power 1099,PI040298AD5I211178,2018-08-23 07:56:37,-1.0,24.28,12.91,32.22
Flower power 1099,PI040298AD5I211178,2018-08-23 08:11:37,-1.0,32.22,12.65,32.4
Flower power 1099,PI040298AD5I211178,2018-08-23 08:26:37,-1.0,31.2,12.78,34.41
Flower power 1099,PI040298AD5I211178,2018-08-23 08:41:37,-1.0,42.83,12.65,38.55
Flower power 1099,PI040298AD5I211178,2018-08-23 08:56:37,-1.0,82.34,12.91,41.51
Flower power 1099,PI040298AD5I211178,2018-08-23 09:11:37,-1.0,81.7,12.78,41.96
Flower power 1099,PI040298AD5I211178,2018-08-23 09:26:37,-1.0,106.41,12.4,45.44
Flower power 1099,PI040298AD5I211178,2018-08-23 09:41:37,-1.0,116.91,12.78,48.26
Flower power 1099,PI040298AD5I211178,2018-08-23 09:56:37,-1.0,123.67,12.91,48.89
Flower power 1099,PI040298AD5I211178,2018-08-23 10:11:37,-1.0,129.64,12.52,50.95
Flower power 1099,PI040298AD5I211178,2018-08-23 10:26:37,-1.0,134.49,12.78,52.67
Flower power 1099,PI040298AD5I211178,2018-08-23 10:41:37,-1.0,137.93,13.04,53.18
Flower power 1099,PI040298AD5I211178,2018-08-23 10:56:37,-1.0,143.43,13.04,54.92
Flower power 1099,PI040298AD5I211178,2018-08-23 11:11:37,-1.0,131.22,12.91,52.55
Flower power 1099,PI040298AD5I211178,2018-08-23 11:26:37,-1.0,72.1,13.16,51.56
Flower power 1099,PI040298AD5I211178,2018-08-23 11:41:37,-1.0,147.33,13.04,55.0
Flower power 1099,PI040298AD5I211178,2018-08-23 11:56:37,-1.0,155.79,13.04,55.0
Flower power 1099,PI040298AD5I211178,2018-08-23 12:11:37,-1.0,155.79,12.78,55.0
Flower power 1099,PI040298AD5I211178,2018-08-23 12:26:37,-1.0,151.44,13.04,55.0
Flower power 1099,PI040298AD5I211178,2018-08-23 12:41:37,-1.0,151.44,13.16,55.0
Flower power 1099,PI040298AD5I211178,2018-08-23 12:56:37,-1.0,153.59,13.29,55.0
Flower power 1099,PI040298AD5I211178,2018-08-23 13:11:37,-1.0,147.33,13.16,55.0
Flower power 1099,PI040298AD5I211178,2018-08-23 13:26:37,-1.0,145.35,13.16,55.0
Flower power 1099,PI040298AD5I211178,2018-08-23 13:41:37,-1.0,136.19,13.16,54.2
Flower power 1099,PI040298AD5I211178,2018-08-23 13:56:37,-1.0,134.49,13.16,52.55
Flower power 1099,PI040298AD5I211178,2018-08-23 14:11:37,-1.0,134.49,13.42,52.93
Flower power 1099,PI040298AD5I211178,2018-08-23 14:26:37,-1.0,129.64,13.29,53.88
Flower power 1099,PI040298AD5I211178,2018-08-23 14:41:37,-1.0,123.67,13.16,53.11
Flower power 1099,PI040298AD5I211178,2018-08-23 14:56:37,-1.0,118.21,13.29,52.93
Flower power 1099,PI040298AD5I211178,2018-08-23 15:11:37,-1.0,109.7,13.42,52.49
Flower power 1099,PI040298AD5I211178,2018-08-23 15:26:37,-1.0,101.34,13.29,51.93
Flower power 1099,PI040298AD5I211178,2018-08-23 15:41:37,-1.0,92.48,13.04,52.86
Flower power 1099,PI040298AD5I211178,2018-08-23 15:56:37,-1.0,82.34,13.16,50.24
Flower power 1099,PI040298AD5I211178,2018-08-23 16:11:37,-1.0,36.33,13.42,45.87
Flower power 1099,PI040298AD5I211178,2018-08-23 16:26:37,-1.0,40.59,13.16,44.74
Flower power 1099,PI040298AD5I211178,2018-08-23 16:41:37,-1.0,52.59,13.16,44.01
Flower power 1099,PI040298AD5I211178,2018-08-23 16:56:37,-1.0,41.25,13.29,41.96
Flower power 1099,PI040298AD5I211178,2018-08-23 17:11:37,-1.0,46.58,13.29,41.86
Flower power 1099,PI040298AD5I211178,2018-08-23 17:26:37,-1.0,32.32,13.29,39.27
Flower power 1099,PI040298AD5I211178,2018-08-23 17:41:37,-1.0,28.42,13.42,37.29
Flower power 1099,PI040298AD5I211178,2018-08-23 17:56:37,-1.0,12.47,12.91,31.34
Flower power 1099,PI040298AD5I211178,2018-08-23 18:11:37,-1.0,10.34,13.16,30.19
Flower power 1099,PI040298AD5I211178,2018-08-23 18:26:37,-1.0,7.87,13.04,29.08
Flower power 1099,PI040298AD5I211178,2018-08-23 18:41:37,-1.0,5.29,13.16,28.11
Flower power 1099,PI040298AD5I211178,2018-08-23 18:56:37,-1.0,2.7,12.91,26.64
Flower power 1099,PI040298AD5I211178,2018-08-23 19:11:37,-1.0,0.83,12.91,25.61
Flower power 1099,PI040298AD5I211178,2018-08-23 19:26:37,-1.0,0.1,12.91,25.25
Flower power 1099,PI040298AD5I211178,2018-08-23 19:41:37,-1.0,0.1,13.04,23.7
Flower power 1099,PI040298AD5I211178,2018-08-23 19:56:37,-1.0,0.1,12.78,23.14
Flower power 1099,PI040298AD5I211178,2018-08-23 20:11:37,-1.0,0.1,12.91,22.86
Flower power 1099,PI040298AD5I211178,2018-08-23 20:26:37,-1.0,0.1,13.04,22.49
Flower power 1099,PI040298AD5I211178,2018-08-23 20:41:37,-1.0,0.1,13.04,23.33
Flower power 1099,PI040298AD5I211178,2018-08-23 20:56:37,-1.0,0.1,13.16,23.05
Flower power 1099,PI040298AD5I211178,2018-08-23 21:11:37,-1.0,0.1,12.65,23.79
Flower power 1099,PI040298AD5I211178,2018-08-23 21:26:37,-1.0,0.1,13.16,24.2
Flower power 1099,PI040298AD5I211178,2018-08-23 21:41:37,-1.0,0.1,13.16,24.66
Flower power 1099,PI040298AD5I211178,2018-08-23 21:56:37,-1.0,0.1,12.91,25.02
Flower power 1099,PI040298AD5I211178,2018-08-23 22:11:37,-1.0,0.1,12.65,24.79
Flower power 1099,PI040298AD5I211178,2018-08-23 22:26:37,-1.0,0.1,12.78,24.25
Flower power 1099,PI040298AD5I211178,2018-08-23 22:41:37,-1.0,0.1,12.78,23.88
Flower power 1099,PI040298AD5I211178,2018-08-23 22:56:37,-1.0,0.1,13.04,23.88
Flower power 1099,PI040298AD5I211178,2018-08-23 23:11:37,-1.0,0.1,13.04,23.97
Flower power 1099,PI040298AD5I211178,2018-08-23 23:26:37,-1.0,0.1,12.65,23.65
Flower power 1099,PI040298AD5I211178,2018-08-23 23:41:37,-1.0,0.1,12.78,23.19
Flower power 1099,PI040298AD5I211178,2018-08-23 23:56:37,-1.0,0.1,12.52,22.63
Flower power 1099,PI040298AD5I211178,2018-08-24 00:11:37,-1.0,0.1,12.91,22.72
Flower power 1099,PI040298AD5I211178,2018-08-24 00:26:37,-1.0,0.1,12.65,22.44
Flower power 1099,PI040298AD5I211178,2018-08-24 00:41:37,-1.0,0.1,12.65,22.82
Flower power 1099,PI040298AD5I211178,2018-08-24 00:56:37,-1.0,0.1,12.91,22.44
Flower power 1099,PI040298AD5I211178,2018-08-24 01:11:37,-1.0,0.1,12.52,22.77
Flower power 1099,PI040298AD5I211178,2018-08-24 01:26:37,-1.0,0.1,12.65,22.96
Flower power 1099,PI040298AD5I211178,2018-08-24 01:41:37,-1.0,0.1,13.04,22.02
Flower power 1099,PI040298AD5I211178,2018-08-24 01:56:37,-1.0,0.1,12.78,20.93
Flower power 1099,PI040298AD5I211178,2018-08-24 02:11:37,-1.0,0.1,12.65,20.79
Flower power 1099,PI040298AD5I211178,2018-08-24 02:26:37,-1.0,0.1,12.78,21.17
Flower power 1099,PI040298AD5I211178,2018-08-24 02:41:37,-1.0,0.1,12.78,21.07
Flower power 1099,PI040298AD5I211178,2018-08-24 02:56:37,-1.0,0.1,12.78,20.88
Flower power 1099,PI040298AD5I211178,2018-08-24 03:11:37,-1.0,0.1,13.04,20.93
Flower power 1099,PI040298AD5I211178,2018-08-24 03:26:37,-1.0,0.1,13.04,21.22
Flower power 1099,PI040298AD5I211178,2018-08-24 03:41:37,-1.0,0.1,12.4,21.03
Flower power 1099,PI040298AD5I211178,2018-08-24 03:56:37,-1.0,0.1,12.91,20.79
Flower power 1099,PI040298AD5I211178,2018-08-24 04:11:37,-1.0,0.1,12.65,20.88
Flower power 1099,PI040298AD5I211178,2018-08-24 04:26:37,-1.0,0.1,13.04,20.88
Flower power 1099,PI040298AD5I211178,2018-08-24 04:41:37,-1.0,0.1,13.04,20.93
Flower power 1099,PI040298AD5I211178,2018-08-24 04:56:37,-1.0,0.1,12.78,20.01
Flower power 1099,PI040298AD5I211178,2018-08-24 05:11:37,-1.0,0.1,12.4,20.45
Flower power 1099,PI040298AD5I211178,2018-08-24 05:26:37,-1.0,0.1,12.4,20.69
Flower power 1099,PI040298AD5I211178,2018-08-24 05:41:37,-1.0,0.1,12.52,20.74
Flower power 1099,PI040298AD5I211178,2018-08-24 05:56:37,-1.0,0.49,12.52,20.59
Flower power 1099,PI040298AD5I211178,2018-08-24 06:11:37,-1.0,1.91,12.65,20.83
Flower power 1099,PI040298AD5I211178,2018-08-24 06:26:37,-1.0,4.04,12.91,20.93
Flower power 1099,PI040298AD5I211178,2018-08-24 06:41:37,-1.0,5.86,12.78,21.55
Flower power 1099,PI040298AD5I211178,2018-08-24 06:56:37,-1.0,9.21,12.65,22.07
Flower power 1099,PI040298AD5I211178,2018-08-24 07:11:37,-1.0,11.96,12.4,22.96
Flower power 1099,PI040298AD5I211178,2018-08-24 07:26:37,-1.0,21.35,12.4,24.34
Flower power 1099,PI040298AD5I211178,2018-08-24 07:41:37,-1.0,49.05,12.52,28.69
Flower power 1099,PI040298AD5I211178,2018-08-24 07:56:37,-1.0,31.4,12.78,31.38
Flower power 1099,PI040298AD5I211178,2018-08-24 08:11:37,-1.0,27.32,12.78,32.0
Flower power 1099,PI040298AD5I211178,2018-08-24 08:26:37,-1.0,59.29,12.4,34.64
Flower power 1099,PI040298AD5I211178,2018-08-24 08:41:37,-1.0,83.65,12.78,38.22
Flower power 1099,PI040298AD5I211178,2018-08-24 08:56:37,-1.0,68.76,12.4,37.8
Flower power 1099,PI040298AD5I211178,2018-08-24 09:11:37,-1.0,94.97,12.4,39.85
Flower power 1099,PI040298AD5I211178,2018-08-24 09:26:37,-1.0,101.34,13.04,41.71
Flower power 1099,PI040298AD5I211178,2018-08-24 09:41:37,-1.0,108.59,12.65,42.26
Flower power 1099,PI040298AD5I211178,2018-08-24 09:56:37,-1.0,137.93,13.04,47.41
Flower power 1099,PI040298AD5I211178,2018-08-24 10:11:37,-1.0,136.19,12.91,49.94
Flower power 1099,PI040298AD5I211178,2018-08-24 10:26:37,-1.0,126.58,13.04,49.41
Flower power 1099,PI040298AD5I211178,2018-08-24 10:41:37,-1.0,155.79,12.78,46.52
Flower power 1099,PI040298AD5I211178,2018-08-24 10:56:37,-1.0,56.67,13.04,44.69
Flower power 1099,PI040298AD5I211178,2018-08-24 11:11:37,-1.0,54.27,12.65,41.26
Flower power 1099,PI040298AD5I211178,2018-08-24 11:26:37,-1.0,151.44,12.65,48.26
Flower power 1099,PI040298AD5I211178,2018-08-24 11:41:37,-1.0,126.58,13.04,51.44
Flower power 1099,PI040298AD5I211178,2018-08-24 11:56:37,-1.0,102.31,13.04,47.3
Flower power 1099,PI040298AD5I211178,2018-08-24 12:11:37,-1.0,125.11,12.65,47.97
Flower power 1099,PI040298AD5I211178,2018-08-24 12:26:37,-1.0,165.25,13.04,52.93
Flower power 1099,PI040298AD5I211178,2018-08-24 12:41:37,-1.0,120.88,12.78,54.85
Flower power 1099,PI040298AD5I211178,2018-08-24 12:56:37,-1.0,129.64,13.29,51.5
Flower power 1099,PI040298AD5I211178,2018-08-24 13:11:37,-1.0,160.38,13.04,54.26
Flower power 1099,PI040298AD5I211178,2018-08-24 13:26:37,-1.0,114.41,13.16,55.0
Flower power 1099,PI040298AD5I211178,2018-08-24 13:41:37,-1.0,136.19,13.29,52.42
Flower power 1099,PI040298AD5I211178,2018-08-24 13:56:37,-1.0,136.19,13.29,51.56
Flower power 1099,PI040298AD5I211178,2018-08-24 14:11:37,-1.0,107.49,12.91,50.3
Flower power 1099,PI040298AD5I211178,2018-08-24 14:26:37,-1.0,134.49,13.16,54.39
Flower power 1099,PI040298AD5I211178,2018-08-24 14:41:37,-1.0,128.09,13.42,53.88
Flower power 1099,PI040298AD5I211178,2018-08-24 14:56:37,-1.0,119.53,13.29,52.24
Flower power 1099,PI040298AD5I211178,2018-08-24 15:11:37,-1.0,112.01,13.42,51.5
Flower power 1099,PI040298AD5I211178,2018-08-24 15:26:37,-1.0,103.31,12.91,50.71
Flower power 1099,PI040298AD5I211178,2018-08-24 15:41:37,-1.0,94.13,13.29,49.7
Flower power 1099,PI040298AD5I211178,2018-08-24 15:56:37,-1.0,25.08,13.29,47.19
Flower power 1099,PI040298AD5I211178,2018-08-24 16:11:37,-1.0,42.83,13.16,43.28
Flower power 1099,PI040298AD5I211178,2018-08-24 16:26:37,-1.0,40.26,12.91,41.12
Flower power 1099,PI040298AD5I211178,2018-08-24 16:41:37,-1.0,39.17,13.29,38.98
Flower power 1099,PI040298AD5I211178,2018-08-24 16:56:37,-1.0,39.94,13.16,37.15
Flower power 1099,PI040298AD5I211178,2018-08-24 17:11:37,-1.0,41.42,13.04,37.06
Flower power 1099,PI040298AD5I211178,2018-08-24 17:26:37,-1.0,30.25,13.29,35.59
Flower power 1099,PI040298AD5I211178,2018-08-24 17:41:37,-1.0,28.59,13.16,34.64
Flower power 1099,PI040298AD5I211178,2018-08-24 17:56:37,-1.0,12.25,13.42,28.6
Flower power 1099,PI040298AD5I211178,2018-08-24 18:11:37,-1.0,10.01,12.78,27.4
Flower power 1099,PI040298AD5I211178,2018-08-24 18:26:37,-1.0,7.74,13.04,26.69
Flower power 1099,PI040298AD5I211178,2018-08-24 18:41:37,-1.0,5.08,13.29,25.83
Flower power 1099,PI040298AD5I211178,2018-08-24 18:56:37,-1.0,2.5,13.16,25.16
Flower power 1099,PI040298AD5I211178,2018-08-24 19:11:37,-1.0,0.72,12.78,24.34
Flower power 1099,PI040298AD5I211178,2018-08-24 19:26:37,-1.0,0.1,13.04,23.74
Flower power 1099,PI040298AD5I211178,2018-08-24 19:41:37,-1.0,0.1,12.91,23.56
Flower power 1099,PI040298AD5I211178,2018-08-24 19:56:37,-1.0,0.1,13.04,23.47
Flower power 1099,PI040298AD5I211178,2018-08-24 20:11:37,-1.0,0.1,13.04,23.1
Flower power 1099,PI040298AD5I211178,2018-08-24 20:26:37,-1.0,0.1,12.65,22.72
Flower power 1099,PI040298AD5I211178,2018-08-24 20:41:37,-1.0,0.1,13.16,22.26
Flower power 1099,PI040298AD5I211178,2018-08-24 20:56:37,-1.0,0.1,12.65,22.63
Flower power 1099,PI040298AD5I211178,2018-08-24 21:11:37,-1.0,0.1,13.16,22.68
Flower power 1099,PI040298AD5I211178,2018-08-24 21:26:37,-1.0,0.1,13.04,22.12
Flower power 1099,PI040298AD5I211178,2018-08-24 21:41:37,-1.0,0.1,12.78,22.58
Flower power 1099,PI040298AD5I211178,2018-08-24 21:56:37,-1.0,0.1,12.65,22.82
Flower power 1099,PI040298AD5I211178,2018-08-24 22:11:37,-1.0,0.1,13.16,22.58
Flower power 1099,PI040298AD5I211178,2018-08-24 22:26:37,-1.0,0.1,12.91,23.05
Flower power 1099,PI040298AD5I211178,2018-08-24 22:41:37,-1.0,0.1,12.65,22.77
Flower power 1099,PI040298AD5I211178,2018-08-24 22:56:37,-1.0,0.1,12.91,22.26
Flower power 1099,PI040298AD5I211178,2018-08-24 23:11:37,-1.0,0.1,12.78,22.35
Flower power 1099,PI040298AD5I211178,2018-08-24 23:26:37,-1.0,0.1,12.91,22.12
Flower power 1099,PI040298AD5I211178,2018-08-24 23:41:37,-1.0,0.1,12.91,21.45
Flower power 1099,PI040298AD5I211178,2018-08-24 23:56:37,-1.0,0.1,12.65,21.41
Flower power 1099,PI040298AD5I211178,2018-08-25 00:11:37,-1.0,0.1,13.04,21.26
Flower power 1099,PI040298AD5I211178,2018-08-25 00:26:37,-1.0,0.1,12.78,20.55
Flower power 1099,PI040298AD5I211178,2018-08-25 00:41:37,-1.0,0.1,12.65,20.55
Flower power 1099,PI040298AD5I211178,2018-08-25 00:56:37,-1.0,0.1,12.52,20.06
Flower power 1099,PI040298AD5I211178,2018-08-25 01:11:37,-1.0,0.1,12.91,20.11
Flower power 1099,PI040298AD5I211178,2018-08-25 01:26:37,-1.0,0.1,13.04,19.57
Flower power 1099,PI040298AD5I211178,2018-08-25 01:41:37,-1.0,0.1,12.91,19.28
Flower power 1099,PI040298AD5I211178,2018-08-25 01:56:37,-1.0,0.1,12.91,19.67
Flower power 1099,PI040298AD5I211178,2018-08-25 02:11:37,-1.0,0.1,13.04,19.13
Flower power 1099,PI040298AD5I211178,2018-08-25 02:26:37,-1.0,0.1,12.52,19.57
Flower power 1099,PI040298AD5I211178,2018-08-25 02:41:37,-1.0,0.1,12.65,19.53
Flower power 1099,PI040298AD5I211178,2018-08-25 02:56:37,-1.0,0.1,12.52,19.03
Flower power 1099,PI040298AD5I211178,2018-08-25 03:11:37,-1.0,0.1,12.65,18.98
Flower power 1099,PI040298AD5I211178,2018-08-25 03:26:37,-1.0,0.1,12.4,19.03
Flower power 1099,PI040298AD5I211178,2018-08-25 03:41:37,-1.0,0.1,12.52,19.33
Flower power 1099,PI040298AD5I211178,2018-08-25 03:56:37,-1.0,0.1,12.65,19.13
Flower power 1099,PI040298AD5I211178,2018-08-25 04:11:37,-1.0,0.1,12.78,18.78
Flower power 1099,PI040298AD5I211178,2018-08-25 04:26:37,-1.0,0.1,12.4,18.88
Flower power 1099,PI040298AD5I211178,2018-08-25 04:41:37,-1.0,0.1,12.52,18.83
Flower power 1099,PI040298AD5I211178,2018-08-25 04:56:37,-1.0,0.1,12.27,19.18
Flower power 1099,PI040298AD5I211178,2018-08-25 05:11:37,-1.0,0.1,12.65,19.72
Flower power 1099,PI040298AD5I211178,2018-08-25 05:26:37,-1.0,0.1,12.91,19.23
Flower power 1099,PI040298AD5I211178,2018-08-25 05:41:37,-1.0,0.1,12.52,18.98
Flower power 1099,PI040298AD5I211178,2018-08-25 05:56:37,-1.0,0.45,12.65,19.08
Flower power 1099,PI040298AD5I211178,2018-08-25 06:11:37,-1.0,1.88,12.65,19.92
Flower power 1099,PI040298AD5I211178,2018-08-25 06:26:37,-1.0,4.3,12.4,20.83
Flower power 1099,PI040298AD5I211178,2018-08-25 06:41:37,-1.0,7.07,12.65,21.31
Flower power 1099,PI040298AD5I211178,2018-08-25 06:56:37,-1.0,9.59,12.4,21.93
Flower power 1099,PI040298AD5I211178,2018-08-25 07:11:37,-1.0,12.01,12.78,23.24
Flower power 1099,PI040298AD5I211178,2018-08-25 07:26:37,-1.0,17.7,12.27,24.84
Flower power 1099,PI040298AD5I211178,2018-08-25 07:41:37,-1.0,44.92,12.52,31.69
Flower power 1099,PI040298AD5I211178,2018-08-25 07:56:37,-1.0,39.79,12.91,34.73
Flower power 1099,PI040298AD5I211178,2018-08-25 08:11:37,-1.0,45.13,12.4,35.54
Flower power 1099,PI040298AD5I211178,2018-08-25 08:26:37,-1.0,53.42,12.91,37.66
Flower power 1099,PI040298AD5I211178,2018-08-25 08:41:37,-1.0,63.68,12.65,41.96
Flower power 1099,PI040298AD5I211178,2018-08-25 08:56:37,-1.0,63.29,12.52,40.82
Flower power 1099,PI040298AD5I211178,2018-08-25 09:11:37,-1.0,99.44,12.91,44.96
Flower power 1099,PI040298AD5I211178,2018-08-25 09:26:37,-1.0,109.7,12.4,47.24
Flower power 1099,PI040298AD5I211178,2018-08-25 09:41:37,-1.0,119.53,12.91,49.47
Flower power 1099,PI040298AD5I211178,2018-08-25 09:56:37,-1.0,126.58,12.91,50.77
Flower power 1099,PI040298AD5I211178,2018-08-25 10:11:37,-1.0,132.84,12.78,52.05
Flower power 1099,PI040298AD5I211178,2018-08-25 10:26:37,-1.0,126.58,13.04,53.37
Flower power 1099,PI040298AD5I211178,2018-08-25 10:41:37,-1.0,141.55,13.04,54.26
Flower power 1099,PI040298AD5I211178,2018-08-25 10:56:37,-1.0,139.72,13.04,53.88
Flower power 1099,PI040298AD5I211178,2018-08-25 11:11:37,-1.0,89.34,13.04,53.3
Flower power 1099,PI040298AD5I211178,2018-08-25 11:26:37,-1.0,87.12,13.04,51.02
Flower power 1099,PI040298AD5I211178,2018-08-25 11:41:37,-1.0,91.67,12.91,55.0
Flower power 1099,PI040298AD5I211178,2018-08-25 11:56:37,-1.0,155.79,12.78,55.0
Flower power 1099,PI040298AD5I211178,2018-08-25 12:11:37,-1.0,155.79,13.16,55.0
Flower power 1099,PI040298AD5I211178,2018-08-25 12:26:37,-1.0,155.79,12.78,55.0
Flower power 1099,PI040298AD5I211178,2018-08-25 12:41:37,-1.0,153.59,13.29,55.0
Flower power 1099,PI040298AD5I211178,2018-08-25 12:56:37,-1.0,153.59,13.29,55.0
Flower power 1099,PI040298AD5I211178,2018-08-25 13:11:37,-1.0,151.44,13.16,55.0
Flower power 1099,PI040298AD5I211178,2018-08-25 13:26:37,-1.0,147.33,13.16,54.78
Flower power 1099,PI040298AD5I211178,2018-08-25 13:41:37,-1.0,110.85,12.91,52.8
Flower power 1099,PI040298AD5I211178,2018-08-25 13:56:37,-1.0,87.85,13.04,50.77
Flower power 1099,PI040298AD5I211178,2018-08-25 14:11:37,-1.0,82.99,13.16,51.26
Flower power 1099,PI040298AD5I211178,2018-08-25 14:26:37,-1.0,131.22,13.16,52.24
Flower power 1099,PI040298AD5I211178,2018-08-25 14:41:37,-1.0,125.11,12.91,51.62
Flower power 1099,PI040298AD5I211178,2018-08-25 14:56:37,-1.0,118.21,13.04,51.08
Flower power 1099,PI040298AD5I211178,2018-08-25 15:11:37,-1.0,109.7,13.04,49.76
Flower power 1099,PI040298AD5I211178,2018-08-25 15:26:37,-1.0,100.38,13.29,49.35
Flower power 1099,PI040298AD5I211178,2018-08-25 15:41:37,-1.0,92.48,13.29,48.49
Flower power 1099,PI040298AD5I211178,2018-08-25 15:56:37,-1.0,85.7,13.04,46.3
Flower power 1099,PI040298AD5I211178,2018-08-25 16:11:37,-1.0,57.95,13.42,41.96
Flower power 1099,PI040298AD5I211178,2018-08-25 16:26:37,-1.0,36.59,13.29,41.16
Flower power 1099,PI040298AD5I211178,2018-08-25 16:41:37,-1.0,25.61,12.91,39.85
Flower power 1099,PI040298AD5I211178,2018-08-25 16:56:37,-1.0,56.05,13.29,40.28
Flower power 1099,PI040298AD5I211178,2018-08-25 17:11:37,-1.0,43.95,13.29,38.08
Flower power 1099,PI040298AD5I211178,2018-08-25 17:26:37,-1.0,27.78,13.04,37.47
Flower power 1099,PI040298AD5I211178,2018-08-25 17:41:37,-1.0,22.13,13.04,36.5
Flower power 1099,PI040298AD5I211178,2018-08-25 17:56:37,-1.0,10.89,13.16,30.32
Flower power 1099,PI040298AD5I211178,2018-08-25 18:11:37,-1.0,8.91,13.29,28.86
Flower power 1099,PI040298AD5I211178,2018-08-25 18:26:37,-1.0,6.94,12.91,27.62
Flower power 1099,PI040298AD5I211178,2018-08-25 18:41:37,-1.0,4.62,13.16,26.55
Flower power 1099,PI040298AD5I211178,2018-08-25 18:56:37,-1.0,2.28,13.04,25.34
Flower power 1099,PI040298AD5I211178,2018-08-25 19:11:37,-1.0,0.63,13.29,24.29
Flower power 1099,PI040298AD5I211178,2018-08-25 19:26:37,-1.0,0.1,12.78,23.56
Flower power 1099,PI040298AD5I211178,2018-08-25 19:41:37,-1.0,0.1,13.04,23.28
Flower power 1099,PI040298AD5I211178,2018-08-25 19:56:37,-1.0,0.1,12.65,23.05
Flower power 1099,PI040298AD5I211178,2018-08-25 20:11:37,-1.0,0.1,12.78,22.54
Flower power 1099,PI040298AD5I211178,2018-08-25 20:26:37,-1.0,0.1,12.78,22.49
Flower power 1099,PI040298AD5I211178,2018-08-25 20:41:37,-1.0,0.1,13.04,22.44
Flower power 1099,PI040298AD5I211178,2018-08-25 20:56:37,-1.0,0.1,12.91,22.26
Flower power 1099,PI040298AD5I211178,2018-08-25 21:11:37,-1.0,0.1,13.16,21.45
Flower power 1099,PI040298AD5I211178,2018-08-25 21:26:37,-1.0,0.1,13.04,21.12
Flower power 1099,PI040298AD5I211178,2018-08-25 21:41:37,-1.0,0.1,12.91,21.41
Flower power 1099,PI040298AD5I211178,2018-08-25 21:56:37,-1.0,0.1,12.91,21.17
Flower power 1099,PI040298AD5I211178,2018-08-25 22:11:37,-1.0,0.1,12.65,20.5
Flower power 1099,PI040298AD5I211178,2018-08-25 22:26:37,-1.0,0.1,12.65,20.5
Flower power 1099,PI040298AD5I211178,2018-08-25 22:41:37,-1.0,0.1,13.04,20.3
Flower power 1099,PI040298AD5I211178,2018-08-25 22:56:37,-1.0,0.1,13.04,20.4
Flower power 1099,PI040298AD5I211178,2018-08-25 23:11:37,-1.0,0.1,13.04,20.06
Flower power 1099,PI040298AD5I211178,2018-08-25 23:26:37,-1.0,0.1,12.78,20.11
Flower power 1099,PI040298AD5I211178,2018-08-25 23:41:37,-1.0,0.1,12.91,20.26
Flower power 1099,PI040298AD5I211178,2018-08-25 23:56:37,-1.0,0.1,12.65,19.77
Flower power 1099,PI040298AD5I211178,2018-08-26 00:11:37,-1.0,0.1,12.78,19.33
Flower power 1099,PI040298AD5I211178,2018-08-26 00:26:37,-1.0,0.1,12.52,18.98
Flower power 1099,PI040298AD5I211178,2018-08-26 00:41:37,-1.0,0.1,12.65,18.29
Flower power 1099,PI040298AD5I211178,2018-08-26 00:56:37,-1.0,0.1,13.04,18.44
Flower power 1099,PI040298AD5I211178,2018-08-26 01:11:37,-1.0,0.1,12.91,17.83
Flower power 1099,PI040298AD5I211178,2018-08-26 01:26:37,-1.0,0.1,12.91,17.83
Flower power 1099,PI040298AD5I211178,2018-08-26 01:41:37,-1.0,0.1,12.78,17.48
Flower power 1099,PI040298AD5I211178,2018-08-26 01:56:37,-1.0,0.1,12.4,17.48
Flower power 1099,PI040298AD5I211178,2018-08-26 02:11:37,-1.0,0.1,12.91,17.43
Flower power 1099,PI040298AD5I211178,2018-08-26 02:26:37,-1.0,0.1,12.91,17.73
Flower power 1099,PI040298AD5I211178,2018-08-26 02:41:37,-1.0,0.1,12.65,17.63
Flower power 1099,PI040298AD5I211178,2018-08-26 02:56:37,-1.0,0.1,12.4,17.68
Flower power 1099,PI040298AD5I211178,2018-08-26 03:11:37,-1.0,0.1,12.91,17.58
Flower power 1099,PI040298AD5I211178,2018-08-26 03:26:37,-1.0,0.1,12.65,17.43
Flower power 1099,PI040298AD5I211178,2018-08-26 03:41:37,-1.0,0.1,12.52,17.02
Flower power 1099,PI040298AD5I211178,2018-08-26 03:56:37,-1.0,0.1,12.65,16.97
Flower power 1099,PI040298AD5I211178,2018-08-26 04:11:37,-1.0,0.1,12.78,16.71
Flower power 1099,PI040298AD5I211178,2018-08-26 04:26:37,-1.0,0.1,12.78,16.45
Flower power 1099,PI040298AD5I211178,2018-08-26 04:41:37,-1.0,0.1,12.27,16.03
Flower power 1099,PI040298AD5I211178,2018-08-26 04:56:37,-1.0,0.1,12.78,15.93
Flower power 1099,PI040298AD5I211178,2018-08-26 05:11:37,-1.0,0.1,12.78,16.86
Flower power 1099,PI040298AD5I211178,2018-08-26 05:26:37,-1.0,0.1,12.27,16.86
Flower power 1099,PI040298AD5I211178,2018-08-26 05:41:37,-1.0,0.1,12.65,17.02
Flower power 1099,PI040298AD5I211178,2018-08-26 05:56:37,-1.0,0.41,12.4,17.12
Flower power 1099,PI040298AD5I211178,2018-08-26 06:11:37,-1.0,1.7,12.65,17.22
Flower power 1099,PI040298AD5I211178,2018-08-26 06:26:37,-1.0,3.83,12.78,17.63
Flower power 1099,PI040298AD5I211178,2018-08-26 06:41:37,-1.0,5.87,12.91,18.19
Flower power 1099,PI040298AD5I211178,2018-08-26 06:56:37,-1.0,7.49,12.4,18.78
Flower power 1099,PI040298AD5I211178,2018-08-26 07:11:37,-1.0,8.93,12.91,19.62
Flower power 1099,PI040298AD5I211178,2018-08-26 07:26:37,-1.0,14.2,12.65,21.45
Flower power 1099,PI040298AD5I211178,2018-08-26 07:41:37,-1.0,38.56,12.27,29.26
Flower power 1099,PI040298AD5I211178,2018-08-26 07:56:37,-1.0,44.73,12.52,32.71
Flower power 1099,PI040298AD5I211178,2018-08-26 08:11:37,-1.0,69.68,12.78,33.33
Flower power 1099,PI040298AD5I211178,2018-08-26 08:26:37,-1.0,35.93,12.65,33.6
Flower power 1099,PI040298AD5I211178,2018-08-26 08:41:37,-1.0,37.0,12.65,36.41
Flower power 1099,PI040298AD5I211178,2018-08-26 08:56:37,-1.0,74.69,12.27,38.18
Flower power 1099,PI040298AD5I211178,2018-08-26 09:11:37,-1.0,108.59,12.65,42.11
Flower power 1099,PI040298AD5I211178,2018-08-26 09:26:37,-1.0,119.53,12.4,45.44
Flower power 1099,PI040298AD5I211178,2018-08-26 09:41:37,-1.0,129.64,12.78,47.86
Flower power 1099,PI040298AD5I211178,2018-08-26 09:56:37,-1.0,137.93,12.52,49.53
Flower power 1099,PI040298AD5I211178,2018-08-26 10:11:37,-1.0,143.43,12.65,51.08
Flower power 1099,PI040298AD5I211178,2018-08-26 10:26:37,-1.0,145.35,12.4,53.24
Flower power 1099,PI040298AD5I211178,2018-08-26 10:41:37,-1.0,128.09,12.91,53.43
Flower power 1099,PI040298AD5I211178,2018-08-26 10:56:37,-1.0,103.31,12.91,53.81
Flower power 1099,PI040298AD5I211178,2018-08-26 11:11:37,-1.0,77.46,12.65,52.49
Flower power 1099,PI040298AD5I211178,2018-08-26 11:26:37,-1.0,40.26,13.04,50.3
Flower power 1099,PI040298AD5I211178,2018-08-26 11:41:37,-1.0,160.38,12.91,55.0
Flower power 1099,PI040298AD5I211178,2018-08-26 11:56:37,-1.0,162.78,12.91,55.0
Flower power 1099,PI040298AD5I211178,2018-08-26 12:11:37,-1.0,162.78,13.04,55.0
Flower power 1099,PI040298AD5I211178,2018-08-26 12:26:37,-1.0,153.59,13.04,55.0
Flower power 1099,PI040298AD5I211178,2018-08-26 12:41:37,-1.0,160.38,13.16,55.0
Flower power 1099,PI040298AD5I211178,2018-08-26 12:56:37,-1.0,160.38,13.04,55.0
Flower power 1099,PI040298AD5I211178,2018-08-26 13:11:37,-1.0,158.05,12.78,55.0
Flower power 1099,PI040298AD5I211178,2018-08-26 13:26:37,-1.0,155.79,13.16,55.0
Flower power 1099,PI040298AD5I211178,2018-08-26 13:41:37,-1.0,151.44,13.29,55.0
Flower power 1099,PI040298AD5I211178,2018-08-26 13:56:37,-1.0,107.49,13.29,54.39
Flower power 1099,PI040298AD5I211178,2018-08-26 14:11:37,-1.0,69.68,13.29,51.38
Flower power 1099,PI040298AD5I211178,2018-08-26 14:26:37,-1.0,137.93,13.04,55.0
Flower power 1099,PI040298AD5I211178,2018-08-26 14:41:37,-1.0,131.22,13.04,55.0
Flower power 1099,PI040298AD5I211178,2018-08-26 14:56:37,-1.0,123.67,13.29,54.78
Flower power 1099,PI040298AD5I211178,2018-08-26 15:11:37,-1.0,114.41,13.29,53.75
Flower power 1099,PI040298AD5I211178,2018-08-26 15:26:37,-1.0,105.36,13.04,54.01
Flower power 1099,PI040298AD5I211178,2018-08-26 15:41:37,-1.0,96.71,13.29,51.81
Flower power 1099,PI040298AD5I211178,2018-08-26 15:56:37,-1.0,89.34,13.16,51.44
Flower power 1099,PI040298AD5I211178,2018-08-26 16:11:37,-1.0,46.58,13.04,46.97
Flower power 1099,PI040298AD5I211178,2018-08-26 16:26:37,-1.0,25.48,13.42,43.39
Flower power 1099,PI040298AD5I211178,2018-08-26 16:41:37,-1.0,39.01,13.42,41.16
Flower power 1099,PI040298AD5I211178,2018-08-26 16:56:37,-1.0,46.15,13.04,39.85
Flower power 1099,PI040298AD5I211178,2018-08-26 17:11:37,-1.0,36.33,13.16,38.79
Flower power 1099,PI040298AD5I211178,2018-08-26 17:26:37,-1.0,26.51,13.16,38.18
Flower power 1099,PI040298AD5I211178,2018-08-26 17:41:37,-1.0,20.71,13.16,37.38
Flower power 1099,PI040298AD5I211178,2018-08-26 17:56:37,-1.0,8.7,13.04,29.35
Flower power 1099,PI040298AD5I211178,2018-08-26 18:11:37,-1.0,7.32,13.04,27.67
Flower power 1099,PI040298AD5I211178,2018-08-26 18:26:37,-1.0,5.86,13.04,26.46
Flower power 1099,PI040298AD5I211178,2018-08-26 18:41:37,-1.0,4.14,13.29,25.02
Flower power 1099,PI040298AD5I211178,2018-08-26 18:56:37,-1.0,2.13,13.16,23.74
Flower power 1099,PI040298AD5I211178,2018-08-26 19:11:37,-1.0,0.58,13.04,22.4
Flower power 1099,PI040298AD5I211178,2018-08-26 19:26:37,-1.0,0.1,13.04,21.03
Flower power 1099,PI040298AD5I211178,2018-08-26 19:41:37,-1.0,0.1,12.78,20.11
Flower power 1099,PI040298AD5I211178,2018-08-26 19:56:37,-1.0,0.1,13.16,19.62
Flower power 1099,PI040298AD5I211178,2018-08-26 20:11:37,-1.0,0.1,12.78,19.92
Flower power 1099,PI040298AD5I211178,2018-08-26 20:26:37,-1.0,0.1,12.91,20.26
Flower power 1099,PI040298AD5I211178,2018-08-26 20:41:37,-1.0,0.1,13.04,20.3
Flower power 1099,PI040298AD5I211178,2018-08-26 20:56:37,-1.0,0.1,13.04,20.69
Flower power 1099,PI040298AD5I211178,2018-08-26 21:11:37,-1.0,0.1,12.65,20.16
Flower power 1099,PI040298AD5I211178,2018-08-26 21:26:37,-1.0,0.1,12.52,20.35
Flower power 1099,PI040298AD5I211178,2018-08-26 21:41:37,-1.0,0.1,13.04,20.21
Flower power 1099,PI040298AD5I211178,2018-08-26 21:56:37,-1.0,0.1,12.91,19.18
Flower power 1099,PI040298AD5I211178,2018-08-26 22:11:37,-1.0,0.1,12.4,18.49
Flower power 1099,PI040298AD5I211178,2018-08-26 22:26:37,-1.0,0.1,12.91,18.44
Flower power 1099,PI040298AD5I211178,2018-08-26 22:41:37,-1.0,0.1,12.91,18.19
Flower power 1099,PI040298AD5I211178,2018-08-26 22:56:37,-1.0,0.1,12.78,17.73
Flower power 1099,PI040298AD5I211178,2018-08-26 23:11:37,-1.0,0.1,12.91,17.32
Flower power 1099,PI040298AD5I211178,2018-08-26 23:26:37,-1.0,0.1,12.78,17.12
Flower power 1099,PI040298AD5I211178,2018-08-26 23:41:37,-1.0,0.1,12.4,17.38
Flower power 1099,PI040298AD5I211178,2018-08-26 23:56:37,-1.0,0.1,12.78,17.02
Flower power 1099,PI040298AD5I211178,2018-08-27 00:11:37,-1.0,0.1,12.4,16.86
Flower power 1099,PI040298AD5I211178,2018-08-27 00:26:37,-1.0,0.1,12.65,16.76
Flower power 1099,PI040298AD5I211178,2018-08-27 00:41:37,-1.0,0.1,12.65,16.71
Flower power 1099,PI040298AD5I211178,2018-08-27 00:56:37,-1.0,0.1,12.78,16.55
Flower power 1099,PI040298AD5I211178,2018-08-27 01:11:37,-1.0,0.1,12.65,16.5
Flower power 1099,PI040298AD5I211178,2018-08-27 01:26:37,-1.0,0.1,12.27,16.34
Flower power 1099,PI040298AD5I211178,2018-08-27 01:41:37,-1.0,0.1,12.65,16.5
Flower power 1099,PI040298AD5I211178,2018-08-27 01:56:37,-1.0,0.1,12.78,16.29
Flower power 1099,PI040298AD5I211178,2018-08-27 02:11:37,-1.0,0.1,12.52,16.71
Flower power 1099,PI040298AD5I211178,2018-08-27 02:26:37,-1.0,0.1,12.52,17.17
Flower power 1099,PI040298AD5I211178,2018-08-27 02:41:37,-1.0,0.1,12.65,17.12
Flower power 1099,PI040298AD5I211178,2018-08-27 02:56:37,-1.0,0.1,12.52,17.22
Flower power 1099,PI040298AD5I211178,2018-08-27 03:11:37,-1.0,0.1,12.65,17.43
Flower power 1099,PI040298AD5I211178,2018-08-27 03:26:37,-1.0,0.1,12.4,17.78
Flower power 1099,PI040298AD5I211178,2018-08-27 03:41:37,-1.0,0.1,12.78,18.03
Flower power 1099,PI040298AD5I211178,2018-08-27 03:56:37,-1.0,0.1,12.52,17.98
Flower power 1099,PI040298AD5I211178,2018-08-27 04:11:37,-1.0,0.1,12.4,17.83
Flower power 1099,PI040298AD5I211178,2018-08-27 04:26:37,-1.0,0.1,12.91,17.27
Flower power 1099,PI040298AD5I211178,2018-08-27 04:41:37,-1.0,0.1,12.4,18.03
Flower power 1099,PI040298AD5I211178,2018-08-27 04:56:37,-1.0,0.1,12.4,17.98
Flower power 1099,PI040298AD5I211178,2018-08-27 05:11:37,-1.0,0.1,12.4,18.13
Flower power 1099,PI040298AD5I211178,2018-08-27 05:26:37,-1.0,0.1,12.65,19.23
Flower power 1099,PI040298AD5I211178,2018-08-27 05:41:37,-1.0,0.1,12.65,18.93
Flower power 1099,PI040298AD5I211178,2018-08-27 05:56:37,-1.0,0.19,12.65,18.29
Flower power 1099,PI040298AD5I211178,2018-08-27 06:11:37,-1.0,0.36,12.4,19.23
Flower power 1099,PI040298AD5I211178,2018-08-27 06:26:37,-1.0,0.83,12.65,19.18
Flower power 1099,PI040298AD5I211178,2018-08-27 06:41:37,-1.0,0.96,12.65,20.11
Flower power 1099,PI040298AD5I211178,2018-08-27 06:56:37,-1.0,0.95,12.78,21.41
Flower power 1099,PI040298AD5I211178,2018-08-27 07:11:37,-1.0,7.78,12.4,22.02
Flower power 1099,PI040298AD5I211178,2018-08-27 07:26:37,-1.0,19.74,12.65,26.46
Flower power 1099,PI040298AD5I211178,2018-08-27 07:41:37,-1.0,21.25,12.65,26.78
Flower power 1099,PI040298AD5I211178,2018-08-27 07:56:37,-1.0,2.82,12.52,25.16
Flower power 1099,PI040298AD5I211178,2018-08-27 08:11:37,-1.0,8.45,12.65,23.0
Flower power 1099,PI040298AD5I211178,2018-08-27 08:26:37,-1.0,13.49,12.78,24.75
Flower power 1099,PI040298AD5I211178,2018-08-27 08:41:37,-1.0,24.4,12.4,26.01
Flower power 1099,PI040298AD5I211178,2018-08-27 08:56:37,-1.0,28.84,12.4,32.49
Flower power 1099,PI040298AD5I211178,2018-08-27 09:11:37,-1.0,22.85,12.91,33.56
Flower power 1099,PI040298AD5I211178,2018-08-27 09:26:37,-1.0,109.7,12.65,37.38
Flower power 1099,PI040298AD5I211178,2018-08-27 09:41:37,-1.0,118.21,12.52,45.12
Flower power 1099,PI040298AD5I211178,2018-08-27 09:56:37,-1.0,67.86,12.65,38.98
Flower power 1099,PI040298AD5I211178,2018-08-27 10:11:37,-1.0,128.09,12.52,49.06
Flower power 1099,PI040298AD5I211178,2018-08-27 10:26:37,-1.0,131.22,12.78,50.77
Flower power 1099,PI040298AD5I211178,2018-08-27 10:41:37,-1.0,131.22,12.78,51.56
Flower power 1099,PI040298AD5I211178,2018-08-27 10:56:37,-1.0,132.84,12.78,51.26
Flower power 1099,PI040298AD5I211178,2018-08-27 11:11:37,-1.0,115.65,12.65,49.65
Flower power 1099,PI040298AD5I211178,2018-08-27 11:26:37,-1.0,64.48,12.78,50.36
Flower power 1099,PI040298AD5I211178,2018-08-27 11:41:37,-1.0,149.36,12.65,54.26
Flower power 1099,PI040298AD5I211178,2018-08-27 11:56:37,-1.0,149.36,12.65,55.0
Flower power 1099,PI040298AD5I211178,2018-08-27 12:11:37,-1.0,149.36,12.78,55.0
Flower power 1099,PI040298AD5I211178,2018-08-27 12:26:37,-1.0,120.88,13.04,52.61
Flower power 1099,PI040298AD5I211178,2018-08-27 12:41:37,-1.0,149.36,13.04,55.0
Flower power 1099,PI040298AD5I211178,2018-08-27 12:56:37,-1.0,149.36,12.78,54.85
Flower power 1099,PI040298AD5I211178,2018-08-27 13:11:37,-1.0,147.33,12.91,55.0
Flower power 1099,PI040298AD5I211178,2018-08-27 13:26:37,-1.0,143.43,12.91,55.0
Flower power 1099,PI040298AD5I211178,2018-08-27 13:41:37,-1.0,139.72,13.16,55.0
Flower power 1099,PI040298AD5I211178,2018-08-27 13:56:37,-1.0,129.64,12.91,52.99
Flower power 1099,PI040298AD5I211178,2018-08-27 14:11:37,-1.0,60.68,12.91,51.14
Flower power 1099,PI040298AD5I211178,2018-08-27 14:26:37,-1.0,123.67,13.42,53.05
Flower power 1099,PI040298AD5I211178,2018-08-27 14:41:37,-1.0,116.91,13.16,52.49
Flower power 1099,PI040298AD5I211178,2018-08-27 14:56:37,-1.0,110.85,12.91,51.5
Flower power 1099,PI040298AD5I211178,2018-08-27 15:11:37,-1.0,102.31,12.91,51.08
Flower power 1099,PI040298AD5I211178,2018-08-27 15:26:37,-1.0,94.13,13.29,52.74
Flower power 1099,PI040298AD5I211178,2018-08-27 15:41:37,-1.0,86.41,13.16,51.87
Flower power 1099,PI040298AD5I211178,2018-08-27 15:56:37,-1.0,79.83,13.16,51.08
Flower power 1099,PI040298AD5I211178,2018-08-27 16:11:37,-1.0,52.32,13.16,47.69
Flower power 1099,PI040298AD5I211178,2018-08-27 16:26:37,-1.0,31.2,12.91,44.74
Flower power 1099,PI040298AD5I211178,2018-08-27 16:41:37,-1.0,33.18,13.42,43.03
Flower power 1099,PI040298AD5I211178,2018-08-27 16:56:37,-1.0,31.6,13.29,40.28
Flower power 1099,PI040298AD5I211178,2018-08-27 17:11:37,-1.0,24.64,13.29,39.36
Flower power 1099,PI040298AD5I211178,2018-08-27 17:26:37,-1.0,25.41,13.16,38.37
Flower power 1099,PI040298AD5I211178,2018-08-27 17:41:37,-1.0,22.18,12.91,37.99
Flower power 1099,PI040298AD5I211178,2018-08-27 17:56:37,-1.0,11.06,12.78,31.03
Flower power 1099,PI040298AD5I211178,2018-08-27 18:11:37,-1.0,8.66,13.16,28.82
Flower power 1099,PI040298AD5I211178,2018-08-27 18:26:37,-1.0,6.31,12.91,27.49
Flower power 1099,PI040298AD5I211178,2018-08-27 18:41:37,-1.0,3.97,13.29,26.28
Flower power 1099,PI040298AD5I211178,2018-08-27 18:56:37,-1.0,1.82,13.29,25.11
Flower power 1099,PI040298AD5I211178,2018-08-27 19:11:37,-1.0,0.45,13.29,24.16
Flower power 1099,PI040298AD5I211178,2018-08-27 19:26:37,-1.0,0.1,13.16,23.42
Flower power 1099,PI040298AD5I211178,2018-08-27 19:41:37,-1.0,0.1,12.78,22.86
Flower power 1099,PI040298AD5I211178,2018-08-27 19:56:37,-1.0,0.1,13.04,22.4
Flower power 1099,PI040298AD5I211178,2018-08-27 20:11:37,-1.0,0.1,12.78,21.97
Flower power 1099,PI040298AD5I211178,2018-08-27 20:26:37,-1.0,0.1,12.65,21.88
Flower power 1099,PI040298AD5I211178,2018-08-27 20:41:37,-1.0,0.1,12.65,21.41
Flower power 1099,PI040298AD5I211178,2018-08-27 20:56:37,-1.0,0.1,13.04,21.41
Flower power 1099,PI040298AD5I211178,2018-08-27 21:11:37,-1.0,0.1,12.65,21.31
Flower power 1099,PI040298AD5I211178,2018-08-27 21:26:37,-1.0,0.1,13.16,21.17
Flower power 1099,PI040298AD5I211178,2018-08-27 21:41:37,-1.0,0.1,12.91,20.98
Flower power 1099,PI040298AD5I211178,2018-08-27 21:56:37,-1.0,0.1,12.78,20.93
Flower power 1099,PI040298AD5I211178,2018-08-27 22:11:37,-1.0,0.1,12.65,20.88
Flower power 1099,PI040298AD5I211178,2018-08-27 22:26:37,-1.0,0.1,12.65,20.79
Flower power 1099,PI040298AD5I211178,2018-08-27 22:41:37,-1.0,0.1,12.65,20.59
Flower power 1099,PI040298AD5I211178,2018-08-27 22:56:37,-1.0,0.1,12.78,20.4
Flower power 1099,PI040298AD5I211178,2018-08-27 23:11:37,-1.0,0.1,12.78,19.92
Flower power 1099,PI040298AD5I211178,2018-08-27 23:26:37,-1.0,0.1,12.78,19.62
Flower power 1099,PI040298AD5I211178,2018-08-27 23:41:37,-1.0,0.1,12.4,19.33
Flower power 1099,PI040298AD5I211178,2018-08-27 23:56:37,-1.0,0.1,12.65,19.08
Flower power 1099,PI040298AD5I211178,2018-08-28 00:11:37,-1.0,0.1,12.91,18.78
Flower power 1099,PI040298AD5I211178,2018-08-28 00:26:37,-1.0,0.1,13.04,18.59
Flower power 1099,PI040298AD5I211178,2018-08-28 00:41:37,-1.0,0.1,12.65,18.39
Flower power 1099,PI040298AD5I211178,2018-08-28 00:56:37,-1.0,0.1,12.52,18.19
Flower power 1099,PI040298AD5I211178,2018-08-28 01:11:37,-1.0,0.1,12.65,17.93
Flower power 1099,PI040298AD5I211178,2018-08-28 01:26:37,-1.0,0.1,12.91,17.98
Flower power 1099,PI040298AD5I211178,2018-08-28 01:41:37,-1.0,0.1,12.52,17.98
Flower power 1099,PI040298AD5I211178,2018-08-28 01:56:37,-1.0,0.1,12.52,17.88
Flower power 1099,PI040298AD5I211178,2018-08-28 02:11:37,-1.0,0.1,12.52,18.03
Flower power 1099,PI040298AD5I211178,2018-08-28 02:26:37,-1.0,0.1,12.78,17.88
Flower power 1099,PI040298AD5I211178,2018-08-28 02:41:37,-1.0,0.1,12.65,18.08
Flower power 1099,PI040298AD5I211178,2018-08-28 02:56:37,-1.0,0.1,12.91,17.98
Flower power 1099,PI040298AD5I211178,2018-08-28 03:11:37,-1.0,0.1,12.52,17.98
Flower power 1099,PI040298AD5I211178,2018-08-28 03:26:37,-1.0,0.1,12.91,17.83
Flower power 1099,PI040298AD5I211178,2018-08-28 03:41:37,-1.0,0.1,12.4,17.78
Flower power 1099,PI040298AD5I211178,2018-08-28 03:56:37,-1.0,0.1,12.78,17.93
Flower power 1099,PI040298AD5I211178,2018-08-28 04:11:37,-1.0,0.1,12.65,17.98
Flower power 1099,PI040298AD5I211178,2018-08-28 04:26:37,-1.0,0.1,12.78,17.98
Flower power 1099,PI040298AD5I211178,2018-08-28 04:41:37,-1.0,0.1,12.78,17.98
Flower power 1099,PI040298AD5I211178,2018-08-28 04:56:37,-1.0,0.1,12.91,17.73
Flower power 1099,PI040298AD5I211178,2018-08-28 05:11:37,-1.0,0.1,12.91,17.78
Flower power 1099,PI040298AD5I211178,2018-08-28 05:26:37,-1.0,0.1,12.91,18.24
Flower power 1099,PI040298AD5I211178,2018-08-28 05:41:37,-1.0,0.1,12.52,18.29
Flower power 1099,PI040298AD5I211178,2018-08-28 05:56:37,-1.0,0.33,12.78,17.98
Flower power 1099,PI040298AD5I211178,2018-08-28 06:11:37,-1.0,1.59,12.27,17.83
Flower power 1099,PI040298AD5I211178,2018-08-28 06:26:37,-1.0,2.75,12.65,18.54
Flower power 1099,PI040298AD5I211178,2018-08-28 06:41:37,-1.0,5.3,12.27,19.62
Flower power 1099,PI040298AD5I211178,2018-08-28 06:56:37,-1.0,9.03,12.78,19.13
Flower power 1099,PI040298AD5I211178,2018-08-28 07:11:37,-1.0,10.63,12.4,19.96
Flower power 1099,PI040298AD5I211178,2018-08-28 07:26:37,-1.0,13.61,12.65,21.26
Flower power 1099,PI040298AD5I211178,2018-08-28 07:41:37,-1.0,27.24,12.65,25.2
Flower power 1099,PI040298AD5I211178,2018-08-28 07:56:37,-1.0,55.15,12.65,28.95
Flower power 1099,PI040298AD5I211178,2018-08-28 08:11:37,-1.0,59.98,12.52,30.1
Flower power 1099,PI040298AD5I211178,2018-08-28 08:26:37,-1.0,65.71,12.65,30.23
Flower power 1099,PI040298AD5I211178,2018-08-28 08:41:37,-1.0,42.65,12.65,34.59
Flower power 1099,PI040298AD5I211178,2018-08-28 08:56:37,-1.0,47.23,12.4,33.65
Flower power 1099,PI040298AD5I211178,2018-08-28 09:11:37,-1.0,100.38,12.52,37.52
Flower power 1099,PI040298AD5I211178,2018-08-28 09:26:37,-1.0,99.44,12.4,39.89
Flower power 1099,PI040298AD5I211178,2018-08-28 09:41:37,-1.0,126.58,12.65,41.86
Flower power 1099,PI040298AD5I211178,2018-08-28 09:56:37,-1.0,136.19,12.91,42.92
Flower power 1099,PI040298AD5I211178,2018-08-28 10:11:37,-1.0,139.72,12.65,44.9
Flower power 1099,PI040298AD5I211178,2018-08-28 10:26:37,-1.0,145.35,12.65,45.38
Flower power 1099,PI040298AD5I211178,2018-08-28 10:41:37,-1.0,145.35,12.91,46.3
Flower power 1099,PI040298AD5I211178,2018-08-28 10:56:37,-1.0,108.59,13.04,46.03
Flower power 1099,PI040298AD5I211178,2018-08-28 11:11:37,-1.0,132.84,13.04,44.16
Flower power 1099,PI040298AD5I211178,2018-08-28 11:26:37,-1.0,34.33,12.78,43.49
Flower power 1099,PI040298AD5I211178,2018-08-28 11:41:37,-1.0,158.05,12.78,49.0
Flower power 1099,PI040298AD5I211178,2018-08-28 11:56:37,-1.0,158.05,12.78,48.72
Flower power 1099,PI040298AD5I211178,2018-08-28 12:11:37,-1.0,160.38,13.16,50.0
Flower power 1099,PI040298AD5I211178,2018-08-28 12:26:37,-1.0,155.79,13.04,48.6
Flower power 1099,PI040298AD5I211178,2018-08-28 12:41:37,-1.0,155.79,13.04,49.35
Flower power 1099,PI040298AD5I211178,2018-08-28 12:56:37,-1.0,155.79,13.16,49.65
Flower power 1099,PI040298AD5I211178,2018-08-28 13:11:37,-1.0,155.79,13.04,50.24
Flower power 1099,PI040298AD5I211178,2018-08-28 13:26:37,-1.0,151.44,13.16,50.53
Flower power 1099,PI040298AD5I211178,2018-08-28 13:41:37,-1.0,147.33,13.29,46.97
Flower power 1099,PI040298AD5I211178,2018-08-28 13:56:37,-1.0,143.43,13.16,46.3
Flower power 1099,PI040298AD5I211178,2018-08-28 14:11:37,-1.0,94.97,13.04,44.9
Flower power 1099,PI040298AD5I211178,2018-08-28 14:26:37,-1.0,132.84,13.16,47.13
Flower power 1099,PI040298AD5I211178,2018-08-28 14:41:37,-1.0,90.11,13.16,45.98
Flower power 1099,PI040298AD5I211178,2018-08-28 14:56:37,-1.0,119.53,13.29,46.52
Flower power 1099,PI040298AD5I211178,2018-08-28 15:11:37,-1.0,110.85,12.91,44.43
Flower power 1099,PI040298AD5I211178,2018-08-28 15:26:37,-1.0,101.34,13.29,43.85
Flower power 1099,PI040298AD5I211178,2018-08-28 15:41:37,-1.0,88.59,13.42,42.11
Flower power 1099,PI040298AD5I211178,2018-08-28 15:56:37,-1.0,86.41,12.91,41.96
Flower power 1099,PI040298AD5I211178,2018-08-28 16:11:37,-1.0,73.63,13.04,37.94
Flower power 1099,PI040298AD5I211178,2018-08-28 16:26:37,-1.0,57.3,13.29,35.91
Flower power 1099,PI040298AD5I211178,2018-08-28 16:41:37,-1.0,34.57,13.16,34.23
Flower power 1099,PI040298AD5I211178,2018-08-28 16:56:37,-1.0,43.38,13.16,33.25
Flower power 1099,PI040298AD5I211178,2018-08-28 17:11:37,-1.0,42.65,13.16,31.73
Flower power 1099,PI040298AD5I211178,2018-08-28 17:26:37,-1.0,26.02,12.91,30.28
Flower power 1099,PI040298AD5I211178,2018-08-28 17:41:37,-1.0,14.57,13.16,28.46
Flower power 1099,PI040298AD5I211178,2018-08-28 17:56:37,-1.0,9.14,13.16,24.61
Flower power 1099,PI040298AD5I211178,2018-08-28 18:11:37,-1.0,7.56,13.16,23.93
Flower power 1099,PI040298AD5I211178,2018-08-28 18:26:37,-1.0,5.86,13.04,23.33
Flower power 1099,PI040298AD5I211178,2018-08-28 18:41:37,-1.0,3.86,13.29,22.68
Flower power 1099,PI040298AD5I211178,2018-08-28 18:56:37,-1.0,1.79,13.29,21.88
Flower power 1099,PI040298AD5I211178,2018-08-28 19:11:37,-1.0,0.42,12.91,21.17
Flower power 1099,PI040298AD5I211178,2018-08-28 19:26:37,-1.0,0.1,13.16,20.83
Flower power 1099,PI040298AD5I211178,2018-08-28 19:41:37,-1.0,0.1,12.65,20.55
Flower power 1099,PI040298AD5I211178,2018-08-28 19:56:37,-1.0,0.1,12.78,20.55
Flower power 1099,PI040298AD5I211178,2018-08-28 20:11:37,-1.0,0.1,13.04,20.5
Flower power 1099,PI040298AD5I211178,2018-08-28 20:26:37,-1.0,0.1,12.91,20.3
Flower power 1099,PI040298AD5I211178,2018-08-28 20:41:37,-1.0,0.1,12.78,20.3
Flower power 1099,PI040298AD5I211178,2018-08-28 20:56:37,-1.0,0.1,12.91,20.21
Flower power 1099,PI040298AD5I211178,2018-08-28 21:11:37,-1.0,0.1,12.65,19.92
Flower power 1099,PI040298AD5I211178,2018-08-28 21:26:37,-1.0,0.1,13.04,20.01
Flower power 1099,PI040298AD5I211178,2018-08-28 21:41:37,-1.0,0.1,12.52,20.35
Flower power 1099,PI040298AD5I211178,2018-08-28 21:56:37,-1.0,0.1,13.04,20.26
Flower power 1099,PI040298AD5I211178,2018-08-28 22:11:37,-1.0,0.1,13.04,20.11
Flower power 1099,PI040298AD5I211178,2018-08-28 22:26:37,-1.0,0.1,12.78,20.11
Flower power 1099,PI040298AD5I211178,2018-08-28 22:41:37,-1.0,0.1,12.65,20.16
Flower power 1099,PI040298AD5I211178,2018-08-28 22:56:37,-1.0,0.1,12.4,20.26
Flower power 1099,PI040298AD5I211178,2018-08-28 23:11:37,-1.0,0.1,12.52,20.26
Flower power 1099,PI040298AD5I211178,2018-08-28 23:26:37,-1.0,0.1,12.78,19.96
Flower power 1099,PI040298AD5I211178,2018-08-28 23:41:37,-1.0,0.1,12.78,20.16
Flower power 1099,PI040298AD5I211178,2018-08-28 23:56:37,-1.0,0.1,12.52,20.21
Flower power 1099,PI040298AD5I211178,2018-08-29 00:11:37,-1.0,0.1,12.52,20.01
Flower power 1099,PI040298AD5I211178,2018-08-29 00:26:37,-1.0,0.1,12.4,19.92
Flower power 1099,PI040298AD5I211178,2018-08-29 00:41:37,-1.0,0.1,12.78,19.72
Flower power 1099,PI040298AD5I211178,2018-08-29 00:56:37,-1.0,0.1,12.78,19.67
Flower power 1099,PI040298AD5I211178,2018-08-29 01:11:37,-1.0,0.1,12.52,19.67
Flower power 1099,PI040298AD5I211178,2018-08-29 01:26:37,-1.0,0.1,12.4,19.67
Flower power 1099,PI040298AD5I211178,2018-08-29 01:41:37,-1.0,0.1,12.78,19.57
Flower power 1099,PI040298AD5I211178,2018-08-29 01:56:37,-1.0,0.1,12.4,19.72
Flower power 1099,PI040298AD5I211178,2018-08-29 02:11:37,-1.0,0.1,12.52,19.67
Flower power 1099,PI040298AD5I211178,2018-08-29 02:26:37,-1.0,0.1,12.91,19.33
Flower power 1099,PI040298AD5I211178,2018-08-29 02:41:37,-1.0,0.1,12.91,19.13
Flower power 1099,PI040298AD5I211178,2018-08-29 02:56:37,-1.0,0.1,12.4,18.69
Flower power 1099,PI040298AD5I211178,2018-08-29 03:11:37,-1.0,0.1,12.4,18.34
Flower power 1099,PI040298AD5I211178,2018-08-29 03:26:37,-1.0,0.1,12.78,17.93
Flower power 1099,PI040298AD5I211178,2018-08-29 03:41:37,-1.0,0.1,12.52,17.98
Flower power 1099,PI040298AD5I211178,2018-08-29 03:56:37,-1.0,0.1,12.27,17.22
Flower power 1099,PI040298AD5I211178,2018-08-29 04:11:37,-1.0,0.1,12.52,16.4
Flower power 1099,PI040298AD5I211178,2018-08-29 04:26:37,-1.0,0.1,12.27,17.17
Flower power 1099,PI040298AD5I211178,2018-08-29 04:41:37,-1.0,0.1,12.65,17.63
Flower power 1099,PI040298AD5I211178,2018-08-29 04:56:37,-1.0,0.1,12.52,18.03
Flower power 1099,PI040298AD5I211178,2018-08-29 05:11:37,-1.0,0.1,12.52,17.43
Flower power 1099,PI040298AD5I211178,2018-08-29 05:26:37,-1.0,0.1,12.65,16.55
Flower power 1099,PI040298AD5I211178,2018-08-29 05:41:37,-1.0,0.1,12.65,16.08
Flower power 1099,PI040298AD5I211178,2018-08-29 05:56:37,-1.0,0.31,12.65,16.4
Flower power 1099,PI040298AD5I211178,2018-08-29 06:11:37,-1.0,1.53,12.27,16.29
Flower power 1099,PI040298AD5I211178,2018-08-29 06:26:37,-1.0,3.45,12.65,16.71
Flower power 1099,PI040298AD5I211178,2018-08-29 06:41:37,-1.0,5.16,12.91,17.07
Flower power 1099,PI040298AD5I211178,2018-08-29 06:56:37,-1.0,6.66,12.78,18.24
Flower power 1099,PI040298AD5I211178,2018-08-29 07:11:37,-1.0,8.03,12.91,19.13
Flower power 1099,PI040298AD5I211178,2018-08-29 07:26:37,-1.0,11.05,12.4,20.93
Flower power 1099,PI040298AD5I211178,2018-08-29 07:41:37,-1.0,39.17,12.65,27.22
Flower power 1099,PI040298AD5I211178,2018-08-29 07:56:37,-1.0,34.93,12.27,28.55
Flower power 1099,PI040298AD5I211178,2018-08-29 08:11:37,-1.0,54.56,12.52,29.53
Flower power 1099,PI040298AD5I211178,2018-08-29 08:26:37,-1.0,67.42,12.27,30.72
Flower power 1099,PI040298AD5I211178,2018-08-29 08:41:37,-1.0,63.29,12.52,33.2
Flower power 1099,PI040298AD5I211178,2018-08-29 08:56:37,-1.0,37.14,12.27,33.42
Flower power 1099,PI040298AD5I211178,2018-08-29 09:11:37,-1.0,95.83,12.52,35.0
Flower power 1099,PI040298AD5I211178,2018-08-29 09:26:37,-1.0,116.91,12.78,36.41
Flower power 1099,PI040298AD5I211178,2018-08-29 09:41:37,-1.0,126.58,12.52,38.74
Flower power 1099,PI040298AD5I211178,2018-08-29 09:56:37,-1.0,134.49,12.78,40.43
Flower power 1099,PI040298AD5I211178,2018-08-29 10:11:37,-1.0,139.72,12.52,41.16
Flower power 1099,PI040298AD5I211178,2018-08-29 10:26:37,-1.0,126.58,12.4,42.87
Flower power 1099,PI040298AD5I211178,2018-08-29 10:41:37,-1.0,149.36,12.78,45.28
Flower power 1099,PI040298AD5I211178,2018-08-29 10:56:37,-1.0,126.58,12.78,45.82
Flower power 1099,PI040298AD5I211178,2018-08-29 11:11:37,-1.0,151.44,12.52,42.57
Flower power 1099,PI040298AD5I211178,2018-08-29 11:26:37,-1.0,153.59,12.78,42.31
Flower power 1099,PI040298AD5I211178,2018-08-29 11:41:37,-1.0,155.79,12.52,47.24
Flower power 1099,PI040298AD5I211178,2018-08-29 11:56:37,-1.0,158.05,13.16,49.35
Flower power 1099,PI040298AD5I211178,2018-08-29 12:11:37,-1.0,158.05,12.65,52.11
Flower power 1099,PI040298AD5I211178,2018-08-29 12:26:37,-1.0,158.05,13.04,49.0
Flower power 1099,PI040298AD5I211178,2018-08-29 12:41:37,-1.0,155.79,12.78,52.67
Flower power 1099,PI040298AD5I211178,2018-08-29 12:56:37,-1.0,155.79,13.04,49.35
Flower power 1099,PI040298AD5I211178,2018-08-29 13:11:37,-1.0,153.59,13.16,48.77
Flower power 1099,PI040298AD5I211178,2018-08-29 13:26:37,-1.0,147.33,13.16,48.14
Flower power 1099,PI040298AD5I211178,2018-08-29 13:41:37,-1.0,137.93,13.16,45.98
Flower power 1099,PI040298AD5I211178,2018-08-29 13:56:37,-1.0,137.93,13.16,43.33
Flower power 1099,PI040298AD5I211178,2018-08-29 14:11:37,-1.0,118.21,12.91,43.13
Flower power 1099,PI040298AD5I211178,2018-08-29 14:26:37,-1.0,129.64,13.16,47.19
Flower power 1099,PI040298AD5I211178,2018-08-29 14:41:37,-1.0,122.26,13.04,46.03
Flower power 1099,PI040298AD5I211178,2018-08-29 14:56:37,-1.0,116.91,13.04,46.14
Flower power 1099,PI040298AD5I211178,2018-08-29 15:11:37,-1.0,107.49,13.29,45.06
Flower power 1099,PI040298AD5I211178,2018-08-29 15:26:37,-1.0,98.51,13.16,44.37
Flower power 1099,PI040298AD5I211178,2018-08-29 15:41:37,-1.0,90.11,13.16,44.85
Flower power 1099,PI040298AD5I211178,2018-08-29 15:56:37,-1.0,82.99,12.91,43.18
Flower power 1099,PI040298AD5I211178,2018-08-29 16:11:37,-1.0,78.63,13.16,39.46
Flower power 1099,PI040298AD5I211178,2018-08-29 16:26:37,-1.0,25.15,13.16,36.87
Flower power 1099,PI040298AD5I211178,2018-08-29 16:41:37,-1.0,25.95,13.29,35.0
Flower power 1099,PI040298AD5I211178,2018-08-29 16:56:37,-1.0,23.86,12.78,33.16
Flower power 1099,PI040298AD5I211178,2018-08-29 17:11:37,-1.0,36.2,13.04,31.78
Flower power 1099,PI040298AD5I211178,2018-08-29 17:26:37,-1.0,26.16,12.91,31.78
Flower power 1099,PI040298AD5I211178,2018-08-29 17:41:37,-1.0,14.44,13.16,30.06
Flower power 1099,PI040298AD5I211178,2018-08-29 17:56:37,-1.0,9.48,13.04,25.88
Flower power 1099,PI040298AD5I211178,2018-08-29 18:11:37,-1.0,7.64,13.29,24.84
Flower power 1099,PI040298AD5I211178,2018-08-29 18:26:37,-1.0,5.57,12.78,24.06
Flower power 1099,PI040298AD5I211178,2018-08-29 18:41:37,-1.0,3.35,12.91,23.51
Flower power 1099,PI040298AD5I211178,2018-08-29 18:56:37,-1.0,1.47,12.78,22.72
Flower power 1099,PI040298AD5I211178,2018-08-29 19:11:37,-1.0,0.33,13.04,21.79
Flower power 1099,PI040298AD5I211178,2018-08-29 19:26:37,-1.0,0.1,12.65,21.69
Flower power 1099,PI040298AD5I211178,2018-08-29 19:41:37,-1.0,0.1,12.91,20.74
Flower power 1099,PI040298AD5I211178,2018-08-29 19:56:37,-1.0,0.1,12.65,20.64
Flower power 1099,PI040298AD5I211178,2018-08-29 20:11:37,-1.0,0.1,12.65,20.45
Flower power 1099,PI040298AD5I211178,2018-08-29 20:26:37,-1.0,0.1,12.91,20.69
Flower power 1099,PI040298AD5I211178,2018-08-29 20:41:37,-1.0,0.1,12.65,20.59
Flower power 1099,PI040298AD5I211178,2018-08-29 20:56:37,-1.0,0.1,12.91,20.45
Flower power 1099,PI040298AD5I211178,2018-08-29 21:11:37,-1.0,0.1,12.52,20.35
Flower power 1099,PI040298AD5I211178,2018-08-29 21:26:37,-1.0,0.1,12.52,20.3
Flower power 1099,PI040298AD5I211178,2018-08-29 21:41:37,-1.0,0.1,13.04,20.21
Flower power 1099,PI040298AD5I211178,2018-08-29 21:56:37,-1.0,0.1,12.65,20.06
Flower power 1099,PI040298AD5I211178,2018-08-29 22:11:37,-1.0,0.1,12.78,19.67
Flower power 1099,PI040298AD5I211178,2018-08-29 22:26:37,-1.0,0.1,13.04,19.57
Flower power 1099,PI040298AD5I211178,2018-08-29 22:41:37,-1.0,0.1,12.65,19.13
Flower power 1099,PI040298AD5I211178,2018-08-29 22:56:37,-1.0,0.1,13.04,18.64
Flower power 1099,PI040298AD5I211178,2018-08-29 23:11:37,-1.0,0.1,12.91,18.44
Flower power 1099,PI040298AD5I211178,2018-08-29 23:26:37,-1.0,0.1,13.04,18.59
Flower power 1099,PI040298AD5I211178,2018-08-29 23:41:37,-1.0,0.1,12.91,18.69
Flower power 1099,PI040298AD5I211178,2018-08-29 23:56:37,-1.0,0.1,12.65,18.44
Flower power 1099,PI040298AD5I211178,2018-08-30 00:11:37,-1.0,0.1,13.04,18.39
Flower power 1099,PI040298AD5I211178,2018-08-30 00:26:37,-1.0,0.1,12.65,17.88
Flower power 1099,PI040298AD5I211178,2018-08-30 00:41:37,-1.0,0.1,12.78,17.22
Flower power 1099,PI040298AD5I211178,2018-08-30 00:56:37,-1.0,0.1,12.78,16.71
Flower power 1099,PI040298AD5I211178,2018-08-30 01:11:37,-1.0,0.1,12.52,16.29
Flower power 1099,PI040298AD5I211178,2018-08-30 01:26:37,-1.0,0.1,12.65,15.87
Flower power 1099,PI040298AD5I211178,2018-08-30 01:41:37,-1.0,0.1,12.52,15.87
Flower power 1099,PI040298AD5I211178,2018-08-30 01:56:37,-1.0,0.1,12.91,15.82
Flower power 1099,PI040298AD5I211178,2018-08-30 02:11:37,-1.0,0.1,12.65,15.4
Flower power 1099,PI040298AD5I211178,2018-08-30 02:26:37,-1.0,0.1,12.65,15.29
Flower power 1099,PI040298AD5I211178,2018-08-30 02:41:37,-1.0,0.1,12.91,15.35
Flower power 1099,PI040298AD5I211178,2018-08-30 02:56:37,-1.0,0.1,12.91,15.4
Flower power 1099,PI040298AD5I211178,2018-08-30 03:11:37,-1.0,0.1,12.91,15.5
Flower power 1099,PI040298AD5I211178,2018-08-30 03:26:37,-1.0,0.1,12.65,15.66
Flower power 1099,PI040298AD5I211178,2018-08-30 03:41:37,-1.0,0.1,12.65,15.35
Flower power 1099,PI040298AD5I211178,2018-08-30 03:56:37,-1.0,0.1,12.65,15.08
Flower power 1099,PI040298AD5I211178,2018-08-30 04:11:37,-1.0,0.1,12.27,15.03
Flower power 1099,PI040298AD5I211178,2018-08-30 04:26:37,-1.0,0.1,12.91,14.27
Flower power 1099,PI040298AD5I211178,2018-08-30 04:41:37,-1.0,0.1,12.4,14.7
Flower power 1099,PI040298AD5I211178,2018-08-30 04:56:37,-1.0,0.1,12.78,14.87
Flower power 1099,PI040298AD5I211178,2018-08-30 05:11:37,-1.0,0.1,12.52,14.6
Flower power 1099,PI040298AD5I211178,2018-08-30 05:26:37,-1.0,0.1,12.65,14.43
Flower power 1099,PI040298AD5I211178,2018-08-30 05:41:37,-1.0,0.1,12.27,13.73
Flower power 1099,PI040298AD5I211178,2018-08-30 05:56:37,-1.0,0.24,12.4,13.95
Flower power 1099,PI040298AD5I211178,2018-08-30 06:11:37,-1.0,1.24,12.65,14.22
Flower power 1099,PI040298AD5I211178,2018-08-30 06:26:37,-1.0,3.34,12.78,14.81
Flower power 1099,PI040298AD5I211178,2018-08-30 06:41:37,-1.0,6.32,12.65,15.72
Flower power 1099,PI040298AD5I211178,2018-08-30 06:56:37,-1.0,9.53,12.65,16.86
Flower power 1099,PI040298AD5I211178,2018-08-30 07:11:37,-1.0,12.52,12.65,17.98
Flower power 1099,PI040298AD5I211178,2018-08-30 07:26:37,-1.0,16.07,12.52,19.67
Flower power 1099,PI040298AD5I211178,2018-08-30 07:41:37,-1.0,29.71,12.4,25.2
Flower power 1099,PI040298AD5I211178,2018-08-30 07:56:37,-1.0,39.01,12.78,27.27
Flower power 1099,PI040298AD5I211178,2018-08-30 08:11:37,-1.0,47.9,12.52,29.48
Flower power 1099,PI040298AD5I211178,2018-08-30 08:26:37,-1.0,65.29,12.27,31.03
Flower power 1099,PI040298AD5I211178,2018-08-30 08:41:37,-1.0,75.77,12.78,34.86
Flower power 1099,PI040298AD5I211178,2018-08-30 08:56:37,-1.0,52.32,12.78,34.64
Flower power 1099,PI040298AD5I211178,2018-08-30 09:11:37,-1.0,94.97,12.27,39.03
Flower power 1099,PI040298AD5I211178,2018-08-30 09:26:37,-1.0,104.32,12.78,39.27
Flower power 1099,PI040298AD5I211178,2018-08-30 09:41:37,-1.0,114.41,12.65,43.13
Flower power 1099,PI040298AD5I211178,2018-08-30 09:56:37,-1.0,119.53,12.78,44.53
Flower power 1099,PI040298AD5I211178,2018-08-30 10:11:37,-1.0,128.09,12.91,46.2
Flower power 1099,PI040298AD5I211178,2018-08-30 10:26:37,-1.0,126.58,12.91,47.52
Flower power 1099,PI040298AD5I211178,2018-08-30 10:41:37,-1.0,134.49,12.52,48.2
Flower power 1099,PI040298AD5I211178,2018-08-30 10:56:37,-1.0,139.72,12.91,48.95
Flower power 1099,PI040298AD5I211178,2018-08-30 11:11:37,-1.0,101.34,12.65,45.98
Flower power 1099,PI040298AD5I211178,2018-08-30 11:26:37,-1.0,147.33,13.04,48.49
Flower power 1099,PI040298AD5I211178,2018-08-30 11:41:37,-1.0,147.33,13.04,48.26
Flower power 1099,PI040298AD5I211178,2018-08-30 11:56:37,-1.0,149.36,12.91,49.82
Flower power 1099,PI040298AD5I211178,2018-08-30 12:11:37,-1.0,147.33,12.91,51.2
Flower power 1099,PI040298AD5I211178,2018-08-30 12:26:37,-1.0,139.72,13.16,46.85
Flower power 1099,PI040298AD5I211178,2018-08-30 12:41:37,-1.0,145.35,13.04,49.76
Flower power 1099,PI040298AD5I211178,2018-08-30 12:56:37,-1.0,143.43,13.29,47.02
Flower power 1099,PI040298AD5I211178,2018-08-30 13:11:37,-1.0,143.43,13.04,50.65
Flower power 1099,PI040298AD5I211178,2018-08-30 13:26:37,-1.0,139.72,12.78,51.38
Flower power 1099,PI040298AD5I211178,2018-08-30 13:41:37,-1.0,128.09,12.78,51.62
Flower power 1099,PI040298AD5I211178,2018-08-30 13:56:37,-1.0,83.65,13.16,49.59
Flower power 1099,PI040298AD5I211178,2018-08-30 14:11:37,-1.0,50.01,12.91,47.19
Flower power 1099,PI040298AD5I211178,2018-08-30 14:26:37,-1.0,122.26,13.29,51.08
Flower power 1099,PI040298AD5I211178,2018-08-30 14:41:37,-1.0,118.21,13.04,50.89
Flower power 1099,PI040298AD5I211178,2018-08-30 14:56:37,-1.0,108.59,13.16,49.82
Flower power 1099,PI040298AD5I211178,2018-08-30 15:11:37,-1.0,102.31,13.16,48.77
Flower power 1099,PI040298AD5I211178,2018-08-30 15:26:37,-1.0,94.97,13.42,48.83
Flower power 1099,PI040298AD5I211178,2018-08-30 15:41:37,-1.0,87.85,13.16,48.49
Flower power 1099,PI040298AD5I211178,2018-08-30 15:56:37,-1.0,80.44,13.16,47.64
Flower power 1099,PI040298AD5I211178,2018-08-30 16:11:37,-1.0,58.95,13.42,44.32
Flower power 1099,PI040298AD5I211178,2018-08-30 16:26:37,-1.0,24.64,13.16,40.82
Flower power 1099,PI040298AD5I211178,2018-08-30 16:41:37,-1.0,29.98,13.16,39.7
Flower power 1099,PI040298AD5I211178,2018-08-30 16:56:37,-1.0,41.77,13.16,38.13
Flower power 1099,PI040298AD5I211178,2018-08-30 17:11:37,-1.0,35.68,13.16,35.59
Flower power 1099,PI040298AD5I211178,2018-08-30 17:26:37,-1.0,24.64,13.29,35.27
Flower power 1099,PI040298AD5I211178,2018-08-30 17:41:37,-1.0,18.85,12.91,35.86
Flower power 1099,PI040298AD5I211178,2018-08-30 17:56:37,-1.0,10.56,13.29,29.92
Flower power 1099,PI040298AD5I211178,2018-08-30 18:11:37,-1.0,8.14,13.42,28.42
Flower power 1099,PI040298AD5I211178,2018-08-30 18:26:37,-1.0,5.8,13.04,27.18
Flower power 1099,PI040298AD5I211178,2018-08-30 18:41:37,-1.0,3.46,13.16,25.88
Flower power 1099,PI040298AD5I211178,2018-08-30 18:56:37,-1.0,1.42,13.29,24.79
Flower power 1099,PI040298AD5I211178,2018-08-30 19:11:37,-1.0,0.29,13.16,23.88
Flower power 1099,PI040298AD5I211178,2018-08-30 19:26:37,-1.0,0.1,13.04,23.14
Flower power 1099,PI040298AD5I211178,2018-08-30 19:41:37,-1.0,0.1,13.04,23.14
Flower power 1099,PI040298AD5I211178,2018-08-30 19:56:37,-1.0,0.1,12.91,22.86
Flower power 1099,PI040298AD5I211178,2018-08-30 20:11:37,-1.0,0.1,13.04,22.35
Flower power 1099,PI040298AD5I211178,2018-08-30 20:26:37,-1.0,0.1,12.78,21.83
Flower power 1099,PI040298AD5I211178,2018-08-30 20:41:37,-1.0,0.1,12.91,21.55
Flower power 1099,PI040298AD5I211178,2018-08-30 20:56:37,-1.0,0.1,13.16,21.69
Flower power 1099,PI040298AD5I211178,2018-08-30 21:11:37,-1.0,0.1,12.91,21.93
Flower power 1099,PI040298AD5I211178,2018-08-30 21:26:37,-1.0,0.1,13.04,21.6
Flower power 1099,PI040298AD5I211178,2018-08-30 21:41:37,-1.0,0.1,12.78,20.98
Flower power 1099,PI040298AD5I211178,2018-08-30 21:56:37,-1.0,0.1,13.16,21.12
Flower power 1099,PI040298AD5I211178,2018-08-30 22:11:37,-1.0,0.1,12.91,21.17
Flower power 1099,PI040298AD5I211178,2018-08-30 22:26:37,-1.0,0.1,13.16,21.31
Flower power 1099,PI040298AD5I211178,2018-08-30 22:41:37,-1.0,0.1,12.65,20.79
Flower power 1099,PI040298AD5I211178,2018-08-30 22:56:37,-1.0,0.1,12.65,20.21
Flower power 1099,PI040298AD5I211178,2018-08-30 23:11:37,-1.0,0.1,12.65,19.96
Flower power 1099,PI040298AD5I211178,2018-08-30 23:26:37,-1.0,0.1,12.52,20.21
Flower power 1099,PI040298AD5I211178,2018-08-30 23:41:37,-1.0,0.1,12.65,20.88
Flower power 1099,PI040298AD5I211178,2018-08-30 23:56:37,-1.0,0.1,12.91,19.18
Flower power 1099,PI040298AD5I211178,2018-08-31 00:11:37,-1.0,0.1,13.04,18.54
Flower power 1099,PI040298AD5I211178,2018-08-31 00:26:37,-1.0,0.1,12.91,18.59
Flower power 1099,PI040298AD5I211178,2018-08-31 00:41:37,-1.0,0.1,12.78,18.74
Flower power 1099,PI040298AD5I211178,2018-08-31 00:56:37,-1.0,0.1,12.4,19.08
Flower power 1099,PI040298AD5I211178,2018-08-31 01:11:37,-1.0,0.1,12.78,19.33
Flower power 1099,PI040298AD5I211178,2018-08-31 01:26:37,-1.0,0.1,12.78,19.23
Flower power 1099,PI040298AD5I211178,2018-08-31 01:41:37,-1.0,0.1,12.78,18.98
Flower power 1099,PI040298AD5I211178,2018-08-31 01:56:37,-1.0,0.1,13.04,18.24
Flower power 1099,PI040298AD5I211178,2018-08-31 02:11:37,-1.0,0.1,12.78,18.29
Flower power 1099,PI040298AD5I211178,2018-08-31 02:26:37,-1.0,0.1,12.78,18.24
Flower power 1099,PI040298AD5I211178,2018-08-31 02:41:37,-1.0,0.1,12.4,17.98
Flower power 1099,PI040298AD5I211178,2018-08-31 02:56:37,-1.0,0.1,12.78,17.63
Flower power 1099,PI040298AD5I211178,2018-08-31 03:11:37,-1.0,0.1,12.91,17.22
Flower power 1099,PI040298AD5I211178,2018-08-31 03:26:37,-1.0,0.1,12.78,17.32
Flower power 1099,PI040298AD5I211178,2018-08-31 03:41:37,-1.0,0.1,12.78,17.63
Flower power 1099,PI040298AD5I211178,2018-08-31 03:56:37,-1.0,0.1,12.78,17.63
Flower power 1099,PI040298AD5I211178,2018-08-31 04:11:37,-1.0,0.1,12.52,18.29
Flower power 1099,PI040298AD5I211178,2018-08-31 04:26:37,-1.0,0.1,12.4,18.24
Flower power 1099,PI040298AD5I211178,2018-08-31 04:41:37,-1.0,0.1,12.4,18.13
Flower power 1099,PI040298AD5I211178,2018-08-31 04:56:37,-1.0,0.1,12.91,17.83
Flower power 1099,PI040298AD5I211178,2018-08-31 05:11:37,-1.0,0.1,12.27,17.58
Flower power 1099,PI040298AD5I211178,2018-08-31 05:26:37,-1.0,0.1,12.91,17.58
Flower power 1099,PI040298AD5I211178,2018-08-31 05:41:37,-1.0,0.1,12.4,17.48
Flower power 1099,PI040298AD5I211178,2018-08-31 05:56:37,-1.0,0.23,12.27,17.63
Flower power 1099,PI040298AD5I211178,2018-08-31 06:11:37,-1.0,1.3,12.78,18.13
Flower power 1099,PI040298AD5I211178,2018-08-31 06:26:37,-1.0,3.48,12.65,19.03
Flower power 1099,PI040298AD5I211178,2018-08-31 06:41:37,-1.0,6.06,12.52,19.87
Flower power 1099,PI040298AD5I211178,2018-08-31 06:56:37,-1.0,8.48,12.65,20.88
Flower power 1099,PI040298AD5I211178,2018-08-31 07:11:37,-1.0,10.62,12.65,21.93
Flower power 1099,PI040298AD5I211178,2018-08-31 07:26:37,-1.0,16.23,12.27,23.93
Flower power 1099,PI040298AD5I211178,2018-08-31 07:41:37,-1.0,27.86,12.4,29.13
Flower power 1099,PI040298AD5I211178,2018-08-31 07:56:37,-1.0,23.69,12.52,32.0
Flower power 1099,PI040298AD5I211178,2018-08-31 08:11:37,-1.0,53.14,12.65,34.19
Flower power 1099,PI040298AD5I211178,2018-08-31 08:26:37,-1.0,63.29,12.78,37.38
Flower power 1099,PI040298AD5I211178,2018-08-31 08:41:37,-1.0,76.89,12.78,40.38
Flower power 1099,PI040298AD5I211178,2018-08-31 08:56:37,-1.0,66.98,12.78,39.94
Flower power 1099,PI040298AD5I211178,2018-08-31 09:11:37,-1.0,82.34,12.91,43.7
Flower power 1099,PI040298AD5I211178,2018-08-31 09:26:37,-1.0,107.49,12.78,44.11
Flower power 1099,PI040298AD5I211178,2018-08-31 09:41:37,-1.0,116.91,12.65,47.69
Flower power 1099,PI040298AD5I211178,2018-08-31 09:56:37,-1.0,126.58,12.78,49.18
Flower power 1099,PI040298AD5I211178,2018-08-31 10:11:37,-1.0,131.22,12.65,49.94
Flower power 1099,PI040298AD5I211178,2018-08-31 10:26:37,-1.0,131.22,12.91,51.2
Flower power 1099,PI040298AD5I211178,2018-08-31 10:41:37,-1.0,139.72,12.78,52.36
Flower power 1099,PI040298AD5I211178,2018-08-31 10:56:37,-1.0,107.49,12.91,50.36
Flower power 1099,PI040298AD5I211178,2018-08-31 11:11:37,-1.0,147.33,12.78,49.94
Flower power 1099,PI040298AD5I211178,2018-08-31 11:26:37,-1.0,149.36,12.78,51.87
Flower power 1099,PI040298AD5I211178,2018-08-31 11:41:37,-1.0,122.26,12.78,51.68
Flower power 1099,PI040298AD5I211178,2018-08-31 11:56:37,-1.0,151.44,12.78,54.52
Flower power 1099,PI040298AD5I211178,2018-08-31 12:11:37,-1.0,151.44,12.91,55.0
Flower power 1099,PI040298AD5I211178,2018-08-31 12:26:37,-1.0,116.91,12.91,52.3
Flower power 1099,PI040298AD5I211178,2018-08-31 12:41:37,-1.0,149.36,12.91,55.0
Flower power 1099,PI040298AD5I211178,2018-08-31 12:56:37,-1.0,149.36,12.78,53.69
Flower power 1099,PI040298AD5I211178,2018-08-31 13:11:37,-1.0,147.33,13.16,55.0
Flower power 1099,PI040298AD5I211178,2018-08-31 13:26:37,-1.0,143.43,13.16,55.0
Flower power 1099,PI040298AD5I211178,2018-08-31 13:41:37,-1.0,139.72,13.16,55.0
Flower power 1099,PI040298AD5I211178,2018-08-31 13:56:37,-1.0,134.49,13.04,55.0
Flower power 1099,PI040298AD5I211178,2018-08-31 14:11:37,-1.0,110.85,13.16,51.32
Flower power 1099,PI040298AD5I211178,2018-08-31 14:26:37,-1.0,125.11,13.29,54.33
Flower power 1099,PI040298AD5I211178,2018-08-31 14:41:37,-1.0,119.53,13.29,53.18
Flower power 1099,PI040298AD5I211178,2018-08-31 14:56:37,-1.0,110.85,13.29,53.3
Flower power 1099,PI040298AD5I211178,2018-08-31 15:11:37,-1.0,103.31,13.42,52.55
Flower power 1099,PI040298AD5I211178,2018-08-31 15:26:37,-1.0,94.13,13.42,51.99
Flower power 1099,PI040298AD5I211178,2018-08-31 15:41:37,-1.0,86.41,13.29,50.95
Flower power 1099,PI040298AD5I211178,2018-08-31 15:56:37,-1.0,81.06,13.04,49.41
Flower power 1099,PI040298AD5I211178,2018-08-31 16:11:37,-1.0,51.79,13.29,46.03
Flower power 1099,PI040298AD5I211178,2018-08-31 16:26:37,-1.0,22.08,13.42,42.16
Flower power 1099,PI040298AD5I211178,2018-08-31 16:41:37,-1.0,28.92,13.29,41.96
Flower power 1099,PI040298AD5I211178,2018-08-31 16:56:37,-1.0,36.73,13.29,40.28
Flower power 1099,PI040298AD5I211178,2018-08-31 17:11:37,-1.0,31.5,13.04,37.8
Flower power 1099,PI040298AD5I211178,2018-08-31 17:26:37,-1.0,26.44,13.29,36.82
Flower power 1099,PI040298AD5I211178,2018-08-31 17:41:37,-1.0,17.8,13.29,36.73
Flower power 1099,PI040298AD5I211178,2018-08-31 17:56:37,-1.0,9.9,13.42,31.6
Flower power 1099,PI040298AD5I211178,2018-08-31 18:11:37,-1.0,7.86,13.16,30.41
Flower power 1099,PI040298AD5I211178,2018-08-31 18:26:37,-1.0,5.67,13.16,29.39
Flower power 1099,PI040298AD5I211178,2018-08-31 18:41:37,-1.0,3.31,13.04,28.02
Flower power 1099,PI040298AD5I211178,2018-08-31 18:56:37,-1.0,1.28,12.91,26.37
Flower power 1099,PI040298AD5I211178,2018-08-31 19:11:37,-1.0,0.23,12.91,25.52
Flower power 1099,PI040298AD5I211178,2018-08-31 19:26:37,-1.0,0.1,13.04,24.57
Flower power 1099,PI040298AD5I211178,2018-08-31 19:41:37,-1.0,0.1,13.16,24.11
Flower power 1099,PI040298AD5I211178,2018-08-31 19:56:37,-1.0,0.1,12.78,23.97
Flower power 1099,PI040298AD5I211178,2018-08-31 20:11:37,-1.0,0.1,13.29,23.42
Flower power 1099,PI040298AD5I211178,2018-08-31 20:26:37,-1.0,0.1,13.04,22.77
Flower power 1099,PI040298AD5I211178,2018-08-31 20:41:37,-1.0,0.1,12.65,22.96
Flower power 1099,PI040298AD5I211178,2018-08-31 20:56:37,-1.0,0.1,13.04,22.68
Flower power 1099,PI040298AD5I211178,2018-08-31 21:11:37,-1.0,0.1,12.65,22.91
Flower power 1099,PI040298AD5I211178,2018-08-31 21:26:37,-1.0,0.1,13.16,22.68
Flower power 1099,PI040298AD5I211178,2018-08-31 21:41:37,-1.0,0.1,13.16,22.21
Flower power 1099,PI040298AD5I211178,2018-08-31 21:56:37,-1.0,0.1,12.78,22.4
Flower power 1099,PI040298AD5I211178,2018-08-31 22:11:37,-1.0,0.1,12.65,21.88
Flower power 1099,PI040298AD5I211178,2018-08-31 22:26:37,-1.0,0.1,13.04,20.98
Flower power 1099,PI040298AD5I211178,2018-08-31 22:41:37,-1.0,0.1,12.65,20.26
Flower power 1099,PI040298AD5I211178,2018-08-31 22:56:37,-1.0,0.1,12.65,20.06
Flower power 1099,PI040298AD5I211178,2018-08-31 23:11:37,-1.0,0.1,12.91,19.23
Flower power 1099,PI040298AD5I211178,2018-08-31 23:26:37,-1.0,0.1,12.78,19.03
Flower power 1099,PI040298AD5I211178,2018-08-31 23:41:37,-1.0,0.1,12.65,18.98
Flower power 1099,PI040298AD5I211178,2018-08-31 23:56:37,-1.0,0.1,13.04,18.69
Flower power 1099,PI040298AD5I211178,2018-09-01 00:11:37,-1.0,0.1,12.65,18.64
Flower power 1099,PI040298AD5I211178,2018-09-01 00:26:37,-1.0,0.1,12.78,18.59
Flower power 1099,PI040298AD5I211178,2018-09-01 00:41:37,-1.0,0.1,12.91,18.49
Flower power 1099,PI040298AD5I211178,2018-09-01 00:56:37,-1.0,0.1,12.52,18.44
Flower power 1099,PI040298AD5I211178,2018-09-01 01:11:37,-1.0,0.1,12.78,18.74
Flower power 1099,PI040298AD5I211178,2018-09-01 01:26:37,-1.0,0.1,13.04,18.88
Flower power 1099,PI040298AD5I211178,2018-09-01 01:41:37,-1.0,0.1,12.65,19.38
Flower power 1099,PI040298AD5I211178,2018-09-01 01:56:37,-1.0,0.1,12.65,18.88
Flower power 1099,PI040298AD5I211178,2018-09-01 02:11:37,-1.0,0.1,12.78,18.69
Flower power 1099,PI040298AD5I211178,2018-09-01 02:26:37,-1.0,0.1,12.78,19.03
Flower power 1099,PI040298AD5I211178,2018-09-01 02:41:37,-1.0,0.1,12.78,18.74
Flower power 1099,PI040298AD5I211178,2018-09-01 02:56:37,-1.0,0.1,12.65,19.03
Flower power 1099,PI040298AD5I211178,2018-09-01 03:11:37,-1.0,0.1,12.52,18.93
Flower power 1099,PI040298AD5I211178,2018-09-01 03:26:37,-1.0,0.1,13.04,18.83
Flower power 1099,PI040298AD5I211178,2018-09-01 03:41:37,-1.0,0.1,12.52,18.88
Flower power 1099,PI040298AD5I211178,2018-09-01 03:56:37,-1.0,0.1,12.78,18.88
Flower power 1099,PI040298AD5I211178,2018-09-01 04:11:37,-1.0,0.1,12.52,18.83
Flower power 1099,PI040298AD5I211178,2018-09-01 04:26:37,-1.0,0.1,12.52,18.78
Flower power 1099,PI040298AD5I211178,2018-09-01 04:41:37,-1.0,0.1,12.52,18.83
Flower power 1099,PI040298AD5I211178,2018-09-01 04:56:37,-1.0,0.1,12.52,18.44
Flower power 1099,PI040298AD5I211178,2018-09-01 05:11:37,-1.0,0.1,12.78,18.29
Flower power 1099,PI040298AD5I211178,2018-09-01 05:26:37,-1.0,0.1,12.65,17.83
Flower power 1099,PI040298AD5I211178,2018-09-01 05:41:37,-1.0,0.1,12.52,17.83
Flower power 1099,PI040298AD5I211178,2018-09-01 05:56:37,-1.0,0.2,12.65,17.88
Flower power 1099,PI040298AD5I211178,2018-09-01 06:11:37,-1.0,1.21,12.27,17.88
Flower power 1099,PI040298AD5I211178,2018-09-01 06:26:37,-1.0,3.24,12.78,18.49
Flower power 1099,PI040298AD5I211178,2018-09-01 06:41:37,-1.0,5.54,12.65,19.96
Flower power 1099,PI040298AD5I211178,2018-09-01 06:56:37,-1.0,7.6,12.4,21.12
Flower power 1099,PI040298AD5I211178,2018-09-01 07:11:37,-1.0,9.43,12.78,22.4
Flower power 1099,PI040298AD5I211178,2018-09-01 07:26:37,-1.0,19.04,12.78,24.38
Flower power 1099,PI040298AD5I211178,2018-09-01 07:41:37,-1.0,46.36,12.65,29.17
Flower power 1099,PI040298AD5I211178,2018-09-01 07:56:37,-1.0,21.93,12.78,31.91
Flower power 1099,PI040298AD5I211178,2018-09-01 08:11:37,-1.0,58.28,12.78,33.74
Flower power 1099,PI040298AD5I211178,2018-09-01 08:26:37,-1.0,66.98,12.91,36.64
Flower power 1099,PI040298AD5I211178,2018-09-01 08:41:37,-1.0,64.88,12.78,37.94
Flower power 1099,PI040298AD5I211178,2018-09-01 08:56:37,-1.0,74.16,12.4,39.12
Flower power 1099,PI040298AD5I211178,2018-09-01 09:11:37,-1.0,96.71,12.4,41.66
Flower power 1099,PI040298AD5I211178,2018-09-01 09:26:37,-1.0,95.83,12.52,41.41
Flower power 1099,PI040298AD5I211178,2018-09-01 09:41:37,-1.0,110.85,12.65,42.62
Flower power 1099,PI040298AD5I211178,2018-09-01 09:56:37,-1.0,123.67,12.91,43.64
Flower power 1099,PI040298AD5I211178,2018-09-01 10:11:37,-1.0,131.22,13.04,43.54
Flower power 1099,PI040298AD5I211178,2018-09-01 10:26:37,-1.0,136.19,13.04,44.37
Flower power 1099,PI040298AD5I211178,2018-09-01 10:41:37,-1.0,139.72,12.91,45.76
Flower power 1099,PI040298AD5I211178,2018-09-01 10:56:37,-1.0,143.43,12.65,44.16
Flower power 1099,PI040298AD5I211178,2018-09-01 11:11:37,-1.0,91.67,12.65,42.01
Flower power 1099,PI040298AD5I211178,2018-09-01 11:26:37,-1.0,149.36,13.16,45.01
Flower power 1099,PI040298AD5I211178,2018-09-01 11:41:37,-1.0,119.53,12.65,45.55
Flower power 1099,PI040298AD5I211178,2018-09-01 11:56:37,-1.0,151.44,12.65,48.37
Flower power 1099,PI040298AD5I211178,2018-09-01 12:11:37,-1.0,151.44,13.04,48.77
Flower power 1099,PI040298AD5I211178,2018-09-01 12:26:37,-1.0,151.44,13.16,48.37
Flower power 1099,PI040298AD5I211178,2018-09-01 12:41:37,-1.0,149.36,12.91,48.72
Flower power 1099,PI040298AD5I211178,2018-09-01 12:56:37,-1.0,74.69,12.91,47.47
Flower power 1099,PI040298AD5I211178,2018-09-01 13:11:37,-1.0,141.55,13.04,48.77
Flower power 1099,PI040298AD5I211178,2018-09-01 13:26:37,-1.0,141.55,13.16,50.71
Flower power 1099,PI040298AD5I211178,2018-09-01 13:41:37,-1.0,136.19,13.04,49.18
Flower power 1099,PI040298AD5I211178,2018-09-01 13:56:37,-1.0,134.49,13.29,49.7
Flower power 1099,PI040298AD5I211178,2018-09-01 14:11:37,-1.0,125.11,12.91,46.69
Flower power 1099,PI040298AD5I211178,2018-09-01 14:26:37,-1.0,125.11,13.42,47.92
Flower power 1099,PI040298AD5I211178,2018-09-01 14:41:37,-1.0,119.53,13.42,48.32
Flower power 1099,PI040298AD5I211178,2018-09-01 14:56:37,-1.0,82.34,13.16,46.69
Flower power 1099,PI040298AD5I211178,2018-09-01 15:11:37,-1.0,99.44,12.91,46.74
Flower power 1099,PI040298AD5I211178,2018-09-01 15:26:37,-1.0,88.59,12.91,45.65
Flower power 1099,PI040298AD5I211178,2018-09-01 15:41:37,-1.0,81.7,13.29,44.9
Flower power 1099,PI040298AD5I211178,2018-09-01 15:56:37,-1.0,75.77,13.42,44.01
Flower power 1099,PI040298AD5I211178,2018-09-01 16:11:37,-1.0,42.29,13.42,42.47
Flower power 1099,PI040298AD5I211178,2018-09-01 16:26:37,-1.0,44.53,13.29,38.41
Flower power 1099,PI040298AD5I211178,2018-09-01 16:41:37,-1.0,33.18,13.29,38.04
Flower power 1099,PI040298AD5I211178,2018-09-01 16:56:37,-1.0,35.05,13.42,36.0
Flower power 1099,PI040298AD5I211178,2018-09-01 17:11:37,-1.0,29.44,13.42,34.68
Flower power 1099,PI040298AD5I211178,2018-09-01 17:26:37,-1.0,25.81,13.04,33.2
Flower power 1099,PI040298AD5I211178,2018-09-01 17:41:37,-1.0,17.26,13.16,32.09
Flower power 1099,PI040298AD5I211178,2018-09-01 17:56:37,-1.0,11.41,13.04,29.61
Flower power 1099,PI040298AD5I211178,2018-09-01 18:11:37,-1.0,8.5,13.16,28.46
Flower power 1099,PI040298AD5I211178,2018-09-01 18:26:37,-1.0,5.57,13.04,27.53
Flower power 1099,PI040298AD5I211178,2018-09-01 18:41:37,-1.0,2.94,12.78,26.55
Flower power 1099,PI040298AD5I211178,2018-09-01 18:56:37,-1.0,1.04,13.16,25.25
Flower power 1099,PI040298AD5I211178,2018-09-01 19:11:37,-1.0,0.16,12.78,24.25
Flower power 1099,PI040298AD5I211178,2018-09-01 19:26:37,-1.0,0.1,13.04,23.37
Flower power 1099,PI040298AD5I211178,2018-09-01 19:41:37,-1.0,0.1,13.04,22.82
Flower power 1099,PI040298AD5I211178,2018-09-01 19:56:37,-1.0,0.1,13.04,22.54
Flower power 1099,PI040298AD5I211178,2018-09-01 20:11:37,-1.0,0.1,12.78,22.16
Flower power 1099,PI040298AD5I211178,2018-09-01 20:26:37,-1.0,0.1,12.78,21.88
Flower power 1099,PI040298AD5I211178,2018-09-01 20:41:37,-1.0,0.1,13.04,21.64
Flower power 1099,PI040298AD5I211178,2018-09-01 20:56:37,-1.0,0.1,13.04,21.45
Flower power 1099,PI040298AD5I211178,2018-09-01 21:11:37,-1.0,0.1,12.78,21.45
Flower power 1099,PI040298AD5I211178,2018-09-01 21:26:37,-1.0,0.1,12.91,21.22
Flower power 1099,PI040298AD5I211178,2018-09-01 21:41:37,-1.0,0.1,13.16,21.03
Flower power 1099,PI040298AD5I211178,2018-09-01 21:56:37,-1.0,0.1,12.78,21.03
Flower power 1099,PI040298AD5I211178,2018-09-01 22:11:37,-1.0,0.1,12.65,20.74
Flower power 1099,PI040298AD5I211178,2018-09-01 22:26:37,-1.0,0.1,12.78,20.69
Flower power 1099,PI040298AD5I211178,2018-09-01 22:41:37,-1.0,0.1,12.78,20.4
Flower power 1099,PI040298AD5I211178,2018-09-01 22:56:37,-1.0,0.1,12.52,20.3
Flower power 1099,PI040298AD5I211178,2018-09-01 23:11:37,-1.0,0.1,12.52,20.26
Flower power 1099,PI040298AD5I211178,2018-09-01 23:26:37,-1.0,0.1,12.91,20.16
Flower power 1099,PI040298AD5I211178,2018-09-01 23:41:37,-1.0,0.1,12.91,19.96
Flower power 1099,PI040298AD5I211178,2018-09-01 23:56:37,-1.0,0.1,12.65,19.87
Flower power 1099,PI040298AD5I211178,2018-09-02 00:11:37,-1.0,0.1,13.04,19.72
Flower power 1099,PI040298AD5I211178,2018-09-02 00:26:37,-1.0,0.1,12.78,19.62
Flower power 1099,PI040298AD5I211178,2018-09-02 00:41:37,-1.0,0.1,12.91,19.48
Flower power 1099,PI040298AD5I211178,2018-09-02 00:56:37,-1.0,0.1,13.04,19.48
Flower power 1099,PI040298AD5I211178,2018-09-02 01:11:37,-1.0,0.1,13.04,19.53
Flower power 1099,PI040298AD5I211178,2018-09-02 01:26:37,-1.0,0.1,12.52,19.43
Flower power 1099,PI040298AD5I211178,2018-09-02 01:41:37,-1.0,0.1,12.78,19.28
Flower power 1099,PI040298AD5I211178,2018-09-02 01:56:37,-1.0,0.1,12.65,19.23
Flower power 1099,PI040298AD5I211178,2018-09-02 02:11:37,-1.0,0.1,12.52,19.13
Flower power 1099,PI040298AD5I211178,2018-09-02 02:26:37,-1.0,0.1,12.91,19.23
Flower power 1099,PI040298AD5I211178,2018-09-02 02:41:37,-1.0,0.1,12.65,19.13
Flower power 1099,PI040298AD5I211178,2018-09-02 02:56:37,-1.0,0.1,12.78,19.13
Flower power 1099,PI040298AD5I211178,2018-09-02 03:11:37,-1.0,0.1,12.91,19.23
Flower power 1099,PI040298AD5I211178,2018-09-02 03:26:37,-1.0,0.1,12.4,18.98
Flower power 1099,PI040298AD5I211178,2018-09-02 03:41:37,-1.0,0.1,12.65,19.13
Flower power 1099,PI040298AD5I211178,2018-09-02 03:56:37,-1.0,0.1,12.65,18.93
Flower power 1099,PI040298AD5I211178,2018-09-02 04:11:37,-1.0,0.1,12.91,19.38
Flower power 1099,PI040298AD5I211178,2018-09-02 04:26:37,-1.0,0.1,12.78,20.74
Flower power 1099,PI040298AD5I211178,2018-09-02 04:41:37,-1.0,0.1,12.78,20.45
Flower power 1099,PI040298AD5I211178,2018-09-02 04:56:37,-1.0,0.1,12.65,19.77
Flower power 1099,PI040298AD5I211178,2018-09-02 05:11:37,-1.0,0.1,12.65,19.18
Flower power 1099,PI040298AD5I211178,2018-09-02 05:26:37,-1.0,0.1,12.52,19.03
Flower power 1099,PI040298AD5I211178,2018-09-02 05:41:37,-1.0,0.1,12.65,18.69
Flower power 1099,PI040298AD5I211178,2018-09-02 05:56:37,-1.0,0.14,12.78,18.78
Flower power 1099,PI040298AD5I211178,2018-09-02 06:11:37,-1.0,1.01,12.78,19.53
Flower power 1099,PI040298AD5I211178,2018-09-02 06:26:37,-1.0,2.86,12.52,19.87
Flower power 1099,PI040298AD5I211178,2018-09-02 06:41:37,-1.0,5.61,12.4,20.79
Flower power 1099,PI040298AD5I211178,2018-09-02 06:56:37,-1.0,8.85,12.78,22.3
Flower power 1099,PI040298AD5I211178,2018-09-02 07:11:37,-1.0,11.86,12.91,23.7
Flower power 1099,PI040298AD5I211178,2018-09-02 07:26:37,-1.0,16.02,12.78,25.16
Flower power 1099,PI040298AD5I211178,2018-09-02 07:41:37,-1.0,30.82,12.78,27.76
Flower power 1099,PI040298AD5I211178,2018-09-02 07:56:37,-1.0,34.69,12.78,30.1
Flower power 1099,PI040298AD5I211178,2018-09-02 08:11:37,-1.0,36.2,12.91,32.18
Flower power 1099,PI040298AD5I211178,2018-09-02 08:26:37,-1.0,53.98,12.4,34.82
Flower power 1099,PI040298AD5I211178,2018-09-02 08:41:37,-1.0,40.92,12.65,35.81
Flower power 1099,PI040298AD5I211178,2018-09-02 08:56:37,-1.0,64.48,13.04,36.96
Flower power 1099,PI040298AD5I211178,2018-09-02 09:11:37,-1.0,50.01,13.04,38.46
Flower power 1099,PI040298AD5I211178,2018-09-02 09:26:37,-1.0,79.83,12.91,39.22
Flower power 1099,PI040298AD5I211178,2018-09-02 09:41:37,-1.0,104.32,12.52,41.51
Flower power 1099,PI040298AD5I211178,2018-09-02 09:56:37,-1.0,120.88,12.65,43.54
Flower power 1099,PI040298AD5I211178,2018-09-02 10:11:37,-1.0,119.53,13.04,43.03
Flower power 1099,PI040298AD5I211178,2018-09-02 10:26:37,-1.0,87.12,12.91,42.97
Flower power 1099,PI040298AD5I211178,2018-09-02 10:41:37,-1.0,73.11,13.16,41.12
Flower power 1099,PI040298AD5I211178,2018-09-02 10:56:37,-1.0,119.53,12.78,42.52
Flower power 1099,PI040298AD5I211178,2018-09-02 11:11:37,-1.0,57.62,13.04,40.23
Flower power 1099,PI040298AD5I211178,2018-09-02 11:26:37,-1.0,54.56,13.04,37.15
Flower power 1099,PI040298AD5I211178,2018-09-02 11:41:37,-1.0,42.65,12.78,36.23
Flower power 1099,PI040298AD5I211178,2018-09-02 11:56:37,-1.0,44.14,12.91,34.68
Flower power 1099,PI040298AD5I211178,2018-09-02 12:11:37,-1.0,38.12,12.65,34.73
Flower power 1099,PI040298AD5I211178,2018-09-02 12:26:37,-1.0,44.73,13.16,35.54
Flower power 1099,PI040298AD5I211178,2018-09-02 12:41:37,-1.0,34.81,13.04,34.05
Flower power 1099,PI040298AD5I211178,2018-09-02 12:56:37,-1.0,61.78,13.04,38.27
Flower power 1099,PI040298AD5I211178,2018-09-02 13:11:37,-1.0,87.12,13.16,40.67
Flower power 1099,PI040298AD5I211178,2018-09-02 13:26:37,-1.0,83.65,13.29,42.62
Flower power 1099,PI040298AD5I211178,2018-09-02 13:41:37,-1.0,79.83,13.04,43.18
Flower power 1099,PI040298AD5I211178,2018-09-02 13:56:37,-1.0,141.55,13.04,46.3
Flower power 1099,PI040298AD5I211178,2018-09-02 14:11:37,-1.0,76.89,12.78,43.8
Flower power 1099,PI040298AD5I211178,2018-09-02 14:26:37,-1.0,120.88,13.16,45.33
Flower power 1099,PI040298AD5I211178,2018-09-02 14:41:37,-1.0,110.85,12.91,46.52
Flower power 1099,PI040298AD5I211178,2018-09-02 14:56:37,-1.0,105.36,12.78,46.58
Flower power 1099,PI040298AD5I211178,2018-09-02 15:11:37,-1.0,99.44,13.16,46.3
Flower power 1099,PI040298AD5I211178,2018-09-02 15:26:37,-1.0,84.32,13.04,44.37
Flower power 1099,PI040298AD5I211178,2018-09-02 15:41:37,-1.0,77.46,12.78,45.38
Flower power 1099,PI040298AD5I211178,2018-09-02 15:56:37,-1.0,73.11,12.91,44.74
Flower power 1099,PI040298AD5I211178,2018-09-02 16:11:37,-1.0,63.29,13.04,41.61
Flower power 1099,PI040298AD5I211178,2018-09-02 16:26:37,-1.0,24.58,13.29,35.81
Flower power 1099,PI040298AD5I211178,2018-09-02 16:41:37,-1.0,27.09,12.91,33.83
Flower power 1099,PI040298AD5I211178,2018-09-02 16:56:37,-1.0,30.62,12.91,32.93
Flower power 1099,PI040298AD5I211178,2018-09-02 17:11:37,-1.0,24.52,12.78,32.0
Flower power 1099,PI040298AD5I211178,2018-09-02 17:26:37,-1.0,24.28,12.91,30.85
Flower power 1099,PI040298AD5I211178,2018-09-02 17:41:37,-1.0,16.4,13.16,29.35
Flower power 1099,PI040298AD5I211178,2018-09-02 17:56:37,-1.0,9.97,12.78,27.22
Flower power 1099,PI040298AD5I211178,2018-09-02 18:11:37,-1.0,6.7,13.29,26.28
Flower power 1099,PI040298AD5I211178,2018-09-02 18:26:37,-1.0,3.16,13.16,24.66
Flower power 1099,PI040298AD5I211178,2018-09-02 18:41:37,-1.0,2.14,13.04,24.11
Flower power 1099,PI040298AD5I211178,2018-09-02 18:56:37,-1.0,0.73,12.91,23.14
Flower power 1099,PI040298AD5I211178,2018-09-02 19:11:37,-1.0,0.1,12.78,22.44
Flower power 1099,PI040298AD5I211178,2018-09-02 19:26:37,-1.0,0.1,12.78,21.97
Flower power 1099,PI040298AD5I211178,2018-09-02 19:41:37,-1.0,0.1,13.16,21.79
Flower power 1099,PI040298AD5I211178,2018-09-02 19:56:37,-1.0,0.1,12.91,21.31
Flower power 1099,PI040298AD5I211178,2018-09-02 20:11:37,-1.0,0.1,13.04,20.79
Flower power 1099,PI040298AD5I211178,2018-09-02 20:26:37,-1.0,0.1,12.65,20.55
Flower power 1099,PI040298AD5I211178,2018-09-02 20:41:37,-1.0,0.1,12.91,20.45
Flower power 1099,PI040298AD5I211178,2018-09-02 20:56:37,-1.0,0.1,13.16,20.4
Flower power 1099,PI040298AD5I211178,2018-09-02 21:11:37,-1.0,0.1,13.16,20.4
Flower power 1099,PI040298AD5I211178,2018-09-02 21:26:37,-1.0,0.1,13.16,20.35
Flower power 1099,PI040298AD5I211178,2018-09-02 21:41:37,-1.0,0.1,12.78,20.4
Flower power 1099,PI040298AD5I211178,2018-09-02 21:56:37,-1.0,0.1,12.78,20.4
Flower power 1099,PI040298AD5I211178,2018-09-02 22:11:37,-1.0,0.1,12.91,20.79
Flower power 1099,PI040298AD5I211178,2018-09-02 22:26:37,-1.0,0.1,13.16,21.74
Flower power 1099,PI040298AD5I211178,2018-09-02 22:41:37,-1.0,0.1,12.78,22.21
Flower power 1099,PI040298AD5I211178,2018-09-02 22:56:37,-1.0,0.1,13.04,22.21
Flower power 1099,PI040298AD5I211178,2018-09-02 23:11:37,-1.0,0.1,12.65,22.12
Flower power 1099,PI040298AD5I211178,2018-09-02 23:26:37,-1.0,0.1,12.91,21.97
Flower power 1099,PI040298AD5I211178,2018-09-02 23:41:37,-1.0,0.1,13.04,21.97
Flower power 1099,PI040298AD5I211178,2018-09-02 23:56:37,-1.0,0.1,13.04,22.16
Flower power 1099,PI040298AD5I211178,2018-09-03 00:11:37,-1.0,0.1,12.65,22.26
Flower power 1099,PI040298AD5I211178,2018-09-03 00:26:37,-1.0,0.1,12.91,22.26
Flower power 1099,PI040298AD5I211178,2018-09-03 00:41:37,-1.0,0.1,12.65,22.26
Flower power 1099,PI040298AD5I211178,2018-09-03 00:56:37,-1.0,0.1,12.65,22.21
Flower power 1099,PI040298AD5I211178,2018-09-03 01:11:37,-1.0,0.1,12.78,22.16
Flower power 1099,PI040298AD5I211178,2018-09-03 01:26:37,-1.0,0.1,12.78,22.07
Flower power 1099,PI040298AD5I211178,2018-09-03 01:41:37,-1.0,0.1,12.65,22.02
Flower power 1099,PI040298AD5I211178,2018-09-03 01:56:37,-1.0,0.1,12.91,22.02
Flower power 1099,PI040298AD5I211178,2018-09-03 02:11:37,-1.0,0.1,12.78,22.02
Flower power 1099,PI040298AD5I211178,2018-09-03 02:26:37,-1.0,0.1,12.91,21.97
Flower power 1099,PI040298AD5I211178,2018-09-03 02:41:37,-1.0,0.1,12.91,21.93
Flower power 1099,PI040298AD5I211178,2018-09-03 02:56:37,-1.0,0.1,12.52,21.83
Flower power 1099,PI040298AD5I211178,2018-09-03 03:11:37,-1.0,0.1,12.65,21.74
Flower power 1099,PI040298AD5I211178,2018-09-03 03:26:37,-1.0,0.1,12.78,21.69
Flower power 1099,PI040298AD5I211178,2018-09-03 03:41:37,-1.0,0.1,12.65,21.74
Flower power 1099,PI040298AD5I211178,2018-09-03 03:56:37,-1.0,0.1,12.78,21.69
Flower power 1099,PI040298AD5I211178,2018-09-03 04:11:37,-1.0,0.1,12.78,21.6
Flower power 1099,PI040298AD5I211178,2018-09-03 04:26:37,-1.0,0.1,12.65,21.6
Flower power 1099,PI040298AD5I211178,2018-09-03 04:41:37,-1.0,0.1,12.78,21.55
Flower power 1099,PI040298AD5I211178,2018-09-03 04:56:37,-1.0,0.1,12.91,21.55
Flower power 1099,PI040298AD5I211178,2018-09-03 05:11:37,-1.0,0.1,13.04,21.55
Flower power 1099,PI040298AD5I211178,2018-09-03 05:26:37,-1.0,0.1,13.04,21.5
Flower power 1099,PI040298AD5I211178,2018-09-03 05:41:37,-1.0,0.1,12.65,21.5
Flower power 1099,PI040298AD5I211178,2018-09-03 05:56:37,-1.0,0.1,13.04,21.45
Flower power 1099,PI040298AD5I211178,2018-09-03 06:11:37,-1.0,0.36,12.78,21.5
Flower power 1099,PI040298AD5I211178,2018-09-03 06:26:37,-1.0,0.78,12.65,21.64
Flower power 1099,PI040298AD5I211178,2018-09-03 06:41:37,-1.0,1.96,12.65,21.93
Flower power 1099,PI040298AD5I211178,2018-09-03 06:56:37,-1.0,3.62,12.65,22.49
Flower power 1099,PI040298AD5I211178,2018-09-03 07:11:37,-1.0,5.95,12.65,22.68
Flower power 1099,PI040298AD5I211178,2018-09-03 07:26:37,-1.0,9.88,12.52,24.29
Flower power 1099,PI040298AD5I211178,2018-09-03 07:41:37,-1.0,14.64,13.04,25.02
Flower power 1099,PI040298AD5I211178,2018-09-03 07:56:37,-1.0,18.35,12.91,25.83
Flower power 1099,PI040298AD5I211178,2018-09-03 08:11:37,-1.0,19.78,12.91,26.42
Flower power 1099,PI040298AD5I211178,2018-09-03 08:26:37,-1.0,20.98,12.65,27.13
Flower power 1099,PI040298AD5I211178,2018-09-03 08:41:37,-1.0,31.5,12.78,28.91
Flower power 1099,PI040298AD5I211178,2018-09-03 08:56:37,-1.0,34.81,12.78,29.92
Flower power 1099,PI040298AD5I211178,2018-09-03 09:11:37,-1.0,36.59,12.78,30.41
Flower power 1099,PI040298AD5I211178,2018-09-03 09:26:37,-1.0,42.47,12.91,31.69
Flower power 1099,PI040298AD5I211178,2018-09-03 09:41:37,-1.0,41.94,12.65,32.27
Flower power 1099,PI040298AD5I211178,2018-09-03 09:56:37,-1.0,44.92,12.78,32.04
Flower power 1099,PI040298AD5I211178,2018-09-03 10:11:37,-1.0,40.59,12.52,33.11
Flower power 1099,PI040298AD5I211178,2018-09-03 10:26:37,-1.0,58.95,12.91,42.97
Flower power 1099,PI040298AD5I211178,2018-09-03 10:41:37,-1.0,153.59,12.78,39.12
Flower power 1099,PI040298AD5I211178,2018-09-03 10:56:37,-1.0,108.59,13.04,45.98
Flower power 1099,PI040298AD5I211178,2018-09-03 11:11:37,-1.0,72.6,13.04,41.46
Flower power 1099,PI040298AD5I211178,2018-09-03 11:26:37,-1.0,107.49,13.16,45.98
Flower power 1099,PI040298AD5I211178,2018-09-03 11:41:37,-1.0,158.05,13.04,46.74
Flower power 1099,PI040298AD5I211178,2018-09-03 11:56:37,-1.0,155.79,13.04,49.3
Flower power 1099,PI040298AD5I211178,2018-09-03 12:11:37,-1.0,155.79,13.04,50.24
Flower power 1099,PI040298AD5I211178,2018-09-03 12:26:37,-1.0,147.33,13.29,50.12
Flower power 1099,PI040298AD5I211178,2018-09-03 12:41:37,-1.0,153.59,12.91,48.89
Flower power 1099,PI040298AD5I211178,2018-09-03 12:56:37,-1.0,155.79,13.29,47.86
Flower power 1099,PI040298AD5I211178,2018-09-03 13:11:37,-1.0,153.59,13.29,48.77
Flower power 1099,PI040298AD5I211178,2018-09-03 13:26:37,-1.0,147.33,13.16,49.76
Flower power 1099,PI040298AD5I211178,2018-09-03 13:41:37,-1.0,149.36,13.29,50.12
Flower power 1099,PI040298AD5I211178,2018-09-03 13:56:37,-1.0,139.72,13.42,50.83
Flower power 1099,PI040298AD5I211178,2018-09-03 14:11:37,-1.0,46.79,13.29,46.25
Flower power 1099,PI040298AD5I211178,2018-09-03 14:26:37,-1.0,132.84,13.29,47.75
Flower power 1099,PI040298AD5I211178,2018-09-03 14:41:37,-1.0,59.29,13.29,43.59
Flower power 1099,PI040298AD5I211178,2018-09-03 14:56:37,-1.0,116.91,13.42,45.22
Flower power 1099,PI040298AD5I211178,2018-09-03 15:11:37,-1.0,69.68,13.29,44.96
Flower power 1099,PI040298AD5I211178,2018-09-03 15:26:37,-1.0,97.6,13.29,48.14
Flower power 1099,PI040298AD5I211178,2018-09-03 15:41:37,-1.0,87.85,13.42,46.52
Flower power 1099,PI040298AD5I211178,2018-09-03 15:56:37,-1.0,82.34,13.29,44.59
Flower power 1099,PI040298AD5I211178,2018-09-03 16:11:37,-1.0,60.33,13.16,41.36
Flower power 1099,PI040298AD5I211178,2018-09-03 16:26:37,-1.0,23.29,12.91,37.75
Flower power 1099,PI040298AD5I211178,2018-09-03 16:41:37,-1.0,47.01,12.91,38.65
Flower power 1099,PI040298AD5I211178,2018-09-03 16:56:37,-1.0,14.87,13.29,28.69
Flower power 1099,PI040298AD5I211178,2018-09-03 17:11:37,-1.0,18.17,13.16,29.13
Flower power 1099,PI040298AD5I211178,2018-09-03 17:26:37,-1.0,13.67,13.29,28.91
Flower power 1099,PI040298AD5I211178,2018-09-03 17:41:37,-1.0,7.82,13.42,27.4
Flower power 1099,PI040298AD5I211178,2018-09-03 17:56:37,-1.0,7.62,13.42,26.91
Flower power 1099,PI040298AD5I211178,2018-09-03 18:11:37,-1.0,4.34,12.78,25.97
Flower power 1099,PI040298AD5I211178,2018-09-03 18:26:37,-1.0,3.19,13.16,25.79
Flower power 1099,PI040298AD5I211178,2018-09-03 18:41:37,-1.0,1.54,13.16,25.29
Flower power 1099,PI040298AD5I211178,2018-09-03 18:56:37,-1.0,0.86,12.78,23.6
Flower power 1099,PI040298AD5I211178,2018-09-03 19:11:37,-1.0,0.1,13.16,22.12
Flower power 1099,PI040298AD5I211178,2018-09-03 19:26:37,-1.0,0.1,13.16,21.26
Flower power 1099,PI040298AD5I211178,2018-09-03 19:41:37,-1.0,0.1,13.29,20.26
Flower power 1099,PI040298AD5I211178,2018-09-03 19:56:37,-1.0,0.1,13.16,19.23
Flower power 1099,PI040298AD5I211178,2018-09-03 20:11:37,-1.0,0.1,13.04,18.54
Flower power 1099,PI040298AD5I211178,2018-09-03 20:26:37,-1.0,0.1,13.04,18.08
Flower power 1099,PI040298AD5I211178,2018-09-03 20:41:37,-1.0,0.1,13.04,17.88
Flower power 1099,PI040298AD5I211178,2018-09-03 20:56:37,-1.0,0.1,13.04,17.68
Flower power 1099,PI040298AD5I211178,2018-09-03 21:11:37,-1.0,0.1,13.04,17.17
Flower power 1099,PI040298AD5I211178,2018-09-03 21:26:37,-1.0,0.1,13.16,17.22
Flower power 1099,PI040298AD5I211178,2018-09-03 21:41:37,-1.0,0.1,12.91,17.32
Flower power 1099,PI040298AD5I211178,2018-09-03 21:56:37,-1.0,0.1,12.91,17.07
Flower power 1099,PI040298AD5I211178,2018-09-03 22:11:37,-1.0,0.1,12.78,16.97
Flower power 1099,PI040298AD5I211178,2018-09-03 22:26:37,-1.0,0.1,13.04,16.71
Flower power 1099,PI040298AD5I211178,2018-09-03 22:41:37,-1.0,0.1,13.04,16.71
Flower power 1099,PI040298AD5I211178,2018-09-03 22:56:37,-1.0,0.1,12.52,16.55
Flower power 1099,PI040298AD5I211178,2018-09-03 23:11:37,-1.0,0.1,13.04,16.5
Flower power 1099,PI040298AD5I211178,2018-09-03 23:26:37,-1.0,0.1,12.52,16.55
Flower power 1099,PI040298AD5I211178,2018-09-03 23:41:37,-1.0,0.1,12.65,16.4
Flower power 1099,PI040298AD5I211178,2018-09-03 23:56:37,-1.0,0.1,12.91,15.98
Flower power 1099,PI040298AD5I211178,2018-09-04 00:11:37,-1.0,0.1,12.91,16.5
Flower power 1099,PI040298AD5I211178,2018-09-04 00:26:37,-1.0,0.1,13.04,17.12
Flower power 1099,PI040298AD5I211178,2018-09-04 00:41:37,-1.0,0.1,12.65,17.73
Flower power 1099,PI040298AD5I211178,2018-09-04 00:56:37,-1.0,0.1,12.52,18.98
Flower power 1099,PI040298AD5I211178,2018-09-04 01:11:37,-1.0,0.1,12.91,19.38
Flower power 1099,PI040298AD5I211178,2018-09-04 01:26:37,-1.0,0.1,13.04,19.67
Flower power 1099,PI040298AD5I211178,2018-09-04 01:41:37,-1.0,0.1,12.78,19.92
Flower power 1099,PI040298AD5I211178,2018-09-04 01:56:37,-1.0,0.1,12.65,20.01
Flower power 1099,PI040298AD5I211178,2018-09-04 02:11:37,-1.0,0.1,12.78,19.96
Flower power 1099,PI040298AD5I211178,2018-09-04 02:26:37,-1.0,0.1,13.04,19.96
Flower power 1099,PI040298AD5I211178,2018-09-04 02:41:37,-1.0,0.1,12.78,20.35
Flower power 1099,PI040298AD5I211178,2018-09-04 02:56:37,-1.0,0.1,12.78,20.79
Flower power 1099,PI040298AD5I211178,2018-09-04 03:11:37,-1.0,0.1,12.52,21.07
Flower power 1099,PI040298AD5I211178,2018-09-04 03:26:37,-1.0,0.1,13.04,20.83
Flower power 1099,PI040298AD5I211178,2018-09-04 03:41:37,-1.0,0.1,12.78,19.92
Flower power 1099,PI040298AD5I211178,2018-09-04 03:56:37,-1.0,0.1,12.78,19.23
Flower power 1099,PI040298AD5I211178,2018-09-04 04:11:37,-1.0,0.1,12.78,18.83
Flower power 1099,PI040298AD5I211178,2018-09-04 04:26:37,-1.0,0.1,12.91,19.53
Flower power 1099,PI040298AD5I211178,2018-09-04 04:41:37,-1.0,0.1,12.4,20.26
Flower power 1099,PI040298AD5I211178,2018-09-04 04:56:37,-1.0,0.1,12.91,20.55
Flower power 1099,PI040298AD5I211178,2018-09-04 05:11:37,-1.0,0.1,12.4,20.79
Flower power 1099,PI040298AD5I211178,2018-09-04 05:26:37,-1.0,0.1,12.78,20.83
Flower power 1099,PI040298AD5I211178,2018-09-04 05:41:37,-1.0,0.1,12.91,20.88
Flower power 1099,PI040298AD5I211178,2018-09-04 05:56:37,-1.0,0.1,12.52,20.93
Flower power 1099,PI040298AD5I211178,2018-09-04 06:11:37,-1.0,0.65,12.78,20.69
Flower power 1099,PI040298AD5I211178,2018-09-04 06:26:37,-1.0,1.73,12.65,21.12
Flower power 1099,PI040298AD5I211178,2018-09-04 06:41:37,-1.0,2.98,12.78,21.88
Flower power 1099,PI040298AD5I211178,2018-09-04 06:56:37,-1.0,2.55,12.91,22.54
Flower power 1099,PI040298AD5I211178,2018-09-04 07:11:37,-1.0,2.35,12.78,22.58
Flower power 1099,PI040298AD5I211178,2018-09-04 07:26:37,-1.0,6.67,12.78,23.05
Flower power 1099,PI040298AD5I211178,2018-09-04 07:41:37,-1.0,11.59,12.52,24.84
Flower power 1099,PI040298AD5I211178,2018-09-04 07:56:37,-1.0,50.51,12.91,25.52
Flower power 1099,PI040298AD5I211178,2018-09-04 08:11:37,-1.0,39.01,12.65,30.98
Flower power 1099,PI040298AD5I211178,2018-09-04 08:26:37,-1.0,33.41,12.91,34.27
Flower power 1099,PI040298AD5I211178,2018-09-04 08:41:37,-1.0,53.7,12.78,37.52
Flower power 1099,PI040298AD5I211178,2018-09-04 08:56:37,-1.0,39.79,12.52,34.41
Flower power 1099,PI040298AD5I211178,2018-09-04 09:11:37,-1.0,60.33,12.65,33.33
Flower power 1099,PI040298AD5I211178,2018-09-04 09:26:37,-1.0,50.01,13.04,36.27
Flower power 1099,PI040298AD5I211178,2018-09-04 09:41:37,-1.0,56.36,12.78,34.95
Flower power 1099,PI040298AD5I211178,2018-09-04 09:56:37,-1.0,58.61,12.65,34.86
Flower power 1099,PI040298AD5I211178,2018-09-04 10:11:37,-1.0,58.95,13.04,37.52
Flower power 1099,PI040298AD5I211178,2018-09-04 10:26:37,-1.0,65.71,13.04,35.59
Flower power 1099,PI040298AD5I211178,2018-09-04 10:41:37,-1.0,37.98,13.16,33.11
Flower power 1099,PI040298AD5I211178,2018-09-04 10:56:37,-1.0,61.41,12.65,35.68
Flower power 1099,PI040298AD5I211178,2018-09-04 11:11:37,-1.0,62.53,12.91,36.69
Flower power 1099,PI040298AD5I211178,2018-09-04 11:26:37,-1.0,82.99,13.04,39.56
Flower power 1099,PI040298AD5I211178,2018-09-04 11:41:37,-1.0,83.65,13.04,41.16
Flower power 1099,PI040298AD5I211178,2018-09-04 11:56:37,-1.0,99.44,12.91,42.42
Flower power 1099,PI040298AD5I211178,2018-09-04 12:11:37,-1.0,112.01,12.78,41.56
Flower power 1099,PI040298AD5I211178,2018-09-04 12:26:37,-1.0,84.32,13.16,41.02
Flower power 1099,PI040298AD5I211178,2018-09-04 12:41:37,-1.0,90.88,13.04,43.28
Flower power 1099,PI040298AD5I211178,2018-09-04 12:56:37,-1.0,71.11,13.04,40.33
Flower power 1099,PI040298AD5I211178,2018-09-04 13:11:37,-1.0,71.6,12.91,39.89
Flower power 1099,PI040298AD5I211178,2018-09-04 13:26:37,-1.0,60.68,13.16,37.43
Flower power 1099,PI040298AD5I211178,2018-09-04 13:41:37,-1.0,63.29,13.29,37.85
Flower power 1099,PI040298AD5I211178,2018-09-04 13:56:37,-1.0,73.11,12.91,39.7
Flower power 1099,PI040298AD5I211178,2018-09-04 14:11:37,-1.0,65.71,13.04,40.48
Flower power 1099,PI040298AD5I211178,2018-09-04 14:26:37,-1.0,53.14,13.16,37.29
Flower power 1099,PI040298AD5I211178,2018-09-04 14:41:37,-1.0,54.27,12.91,37.89
Flower power 1099,PI040298AD5I211178,2018-09-04 14:56:37,-1.0,42.65,12.91,35.18
Flower power 1099,PI040298AD5I211178,2018-09-04 15:11:37,-1.0,35.18,13.42,33.87
Flower power 1099,PI040298AD5I211178,2018-09-04 15:26:37,-1.0,24.89,13.16,31.87
Flower power 1099,PI040298AD5I211178,2018-09-04 15:41:37,-1.0,29.98,13.29,31.43
Flower power 1099,PI040298AD5I211178,2018-09-04 15:56:37,-1.0,26.87,13.42,31.29
Flower power 1099,PI040298AD5I211178,2018-09-04 16:11:37,-1.0,14.8,13.16,28.86
Flower power 1099,PI040298AD5I211178,2018-09-04 16:26:37,-1.0,30.34,13.29,30.63
Flower power 1099,PI040298AD5I211178,2018-09-04 16:41:37,-1.0,27.09,12.91,31.16
Flower power 1099,PI040298AD5I211178,2018-09-04 16:56:37,-1.0,21.98,13.29,30.45
Flower power 1099,PI040298AD5I211178,2018-09-04 17:11:37,-1.0,17.77,13.04,29.48
Flower power 1099,PI040298AD5I211178,2018-09-04 17:26:37,-1.0,18.85,12.91,29.53
Flower power 1099,PI040298AD5I211178,2018-09-04 17:41:37,-1.0,16.23,13.29,28.95
Flower power 1099,PI040298AD5I211178,2018-09-04 17:56:37,-1.0,9.6,12.91,27.4
Flower power 1099,PI040298AD5I211178,2018-09-04 18:11:37,-1.0,5.7,13.04,26.19
Flower power 1099,PI040298AD5I211178,2018-09-04 18:26:37,-1.0,4.25,12.91,25.83
Flower power 1099,PI040298AD5I211178,2018-09-04 18:41:37,-1.0,1.77,12.91,24.84
Flower power 1099,PI040298AD5I211178,2018-09-04 18:56:37,-1.0,0.52,12.91,23.93
Flower power 1099,PI040298AD5I211178,2018-09-04 19:11:37,-1.0,0.1,13.16,23.51
Flower power 1099,PI040298AD5I211178,2018-09-04 19:26:37,-1.0,0.1,12.91,23.14
Flower power 1099,PI040298AD5I211178,2018-09-04 19:41:37,-1.0,0.1,13.04,22.77
Flower power 1099,PI040298AD5I211178,2018-09-04 19:56:37,-1.0,0.1,12.78,23.1
Flower power 1099,PI040298AD5I211178,2018-09-04 20:11:37,-1.0,0.1,13.29,23.37
Flower power 1099,PI040298AD5I211178,2018-09-04 20:26:37,-1.0,0.1,12.91,23.33
Flower power 1099,PI040298AD5I211178,2018-09-04 20:41:37,-1.0,0.1,13.16,23.1
Flower power 1099,PI040298AD5I211178,2018-09-04 20:56:37,-1.0,0.1,13.04,22.86
Flower power 1099,PI040298AD5I211178,2018-09-04 21:11:37,-1.0,0.1,12.65,22.4
Flower power 1099,PI040298AD5I211178,2018-09-04 21:26:37,-1.0,0.1,12.91,22.16
Flower power 1099,PI040298AD5I211178,2018-09-04 21:41:37,-1.0,0.1,12.91,22.02
Flower power 1099,PI040298AD5I211178,2018-09-04 21:56:37,-1.0,0.1,13.16,21.69
Flower power 1099,PI040298AD5I211178,2018-09-04 22:11:37,-1.0,0.1,12.78,20.26
Flower power 1099,PI040298AD5I211178,2018-09-04 22:26:37,-1.0,0.1,12.65,18.93
Flower power 1099,PI040298AD5I211178,2018-09-04 22:41:37,-1.0,0.1,12.91,18.49
Flower power 1099,PI040298AD5I211178,2018-09-04 22:56:37,-1.0,0.1,12.65,19.82
Flower power 1099,PI040298AD5I211178,2018-09-04 23:11:37,-1.0,0.1,12.65,18.54
Flower power 1099,PI040298AD5I211178,2018-09-04 23:26:37,-1.0,0.1,12.65,18.59
Flower power 1099,PI040298AD5I211178,2018-09-04 23:41:37,-1.0,0.1,12.91,18.69
Flower power 1099,PI040298AD5I211178,2018-09-04 23:56:37,-1.0,0.1,13.16,17.88
Flower power 1099,PI040298AD5I211178,2018-09-05 00:11:37,-1.0,0.1,13.04,17.83
Flower power 1099,PI040298AD5I211178,2018-09-05 00:26:37,-1.0,0.1,12.65,17.68
Flower power 1099,PI040298AD5I211178,2018-09-05 00:41:37,-1.0,0.1,12.65,17.73
Flower power 1099,PI040298AD5I211178,2018-09-05 00:56:37,-1.0,0.1,12.65,17.43
Flower power 1099,PI040298AD5I211178,2018-09-05 01:11:37,-1.0,0.1,12.91,17.27
Flower power 1099,PI040298AD5I211178,2018-09-05 01:26:37,-1.0,0.1,12.65,17.12
Flower power 1099,PI040298AD5I211178,2018-09-05 01:41:37,-1.0,0.1,12.78,16.71
Flower power 1099,PI040298AD5I211178,2018-09-05 01:56:37,-1.0,0.1,12.4,17.53
Flower power 1099,PI040298AD5I211178,2018-09-05 02:11:37,-1.0,0.1,12.78,18.13
Flower power 1099,PI040298AD5I211178,2018-09-05 02:26:37,-1.0,0.1,13.04,19.43
Flower power 1099,PI040298AD5I211178,2018-09-05 02:41:37,-1.0,0.1,12.78,18.98
Flower power 1099,PI040298AD5I211178,2018-09-05 02:56:37,-1.0,0.1,12.91,18.08
Flower power 1099,PI040298AD5I211178,2018-09-05 03:11:37,-1.0,0.1,13.04,17.73
Flower power 1099,PI040298AD5I211178,2018-09-05 03:26:37,-1.0,0.1,12.91,18.24
Flower power 1099,PI040298AD5I211178,2018-09-05 03:41:37,-1.0,0.1,13.04,17.38
Flower power 1099,PI040298AD5I211178,2018-09-05 03:56:37,-1.0,0.1,12.78,18.83
Flower power 1099,PI040298AD5I211178,2018-09-05 04:11:37,-1.0,0.1,12.4,17.53
Flower power 1099,PI040298AD5I211178,2018-09-05 04:26:37,-1.0,0.1,12.78,16.6
Flower power 1099,PI040298AD5I211178,2018-09-05 04:41:37,-1.0,0.1,12.65,16.08
Flower power 1099,PI040298AD5I211178,2018-09-05 04:56:37,-1.0,0.1,12.78,16.03
Flower power 1099,PI040298AD5I211178,2018-09-05 05:11:37,-1.0,0.1,12.65,15.82
Flower power 1099,PI040298AD5I211178,2018-09-05 05:26:37,-1.0,0.1,12.4,16.14
Flower power 1099,PI040298AD5I211178,2018-09-05 05:41:37,-1.0,0.1,12.65,15.29
Flower power 1099,PI040298AD5I211178,2018-09-05 05:56:37,-1.0,0.1,12.52,15.35
Flower power 1099,PI040298AD5I211178,2018-09-05 06:11:37,-1.0,0.86,12.4,15.24
Flower power 1099,PI040298AD5I211178,2018-09-05 06:26:37,-1.0,2.66,12.91,16.6
Flower power 1099,PI040298AD5I211178,2018-09-05 06:41:37,-1.0,5.27,12.78,17.02
Flower power 1099,PI040298AD5I211178,2018-09-05 06:56:37,-1.0,8.0,12.65,18.44
Flower power 1099,PI040298AD5I211178,2018-09-05 07:11:37,-1.0,10.56,12.78,19.53
Flower power 1099,PI040298AD5I211178,2018-09-05 07:26:37,-1.0,13.24,12.52,20.45
Flower power 1099,PI040298AD5I211178,2018-09-05 07:41:37,-1.0,37.14,12.78,23.93
Flower power 1099,PI040298AD5I211178,2018-09-05 07:56:37,-1.0,41.77,13.04,27.44
Flower power 1099,PI040298AD5I211178,2018-09-05 08:11:37,-1.0,29.44,12.78,29.13
Flower power 1099,PI040298AD5I211178,2018-09-05 08:26:37,-1.0,34.81,13.04,31.12
Flower power 1099,PI040298AD5I211178,2018-09-05 08:41:37,-1.0,71.6,12.78,33.6
Flower power 1099,PI040298AD5I211178,2018-09-05 08:56:37,-1.0,66.55,12.91,34.45
Flower power 1099,PI040298AD5I211178,2018-09-05 09:11:37,-1.0,42.29,12.52,35.04
Flower power 1099,PI040298AD5I211178,2018-09-05 09:26:37,-1.0,104.32,12.78,38.46
Flower power 1099,PI040298AD5I211178,2018-09-05 09:41:37,-1.0,116.91,12.78,38.79
Flower power 1099,PI040298AD5I211178,2018-09-05 09:56:37,-1.0,131.22,12.65,42.57
Flower power 1099,PI040298AD5I211178,2018-09-05 10:11:37,-1.0,131.22,12.91,43.75
Flower power 1099,PI040298AD5I211178,2018-09-05 10:26:37,-1.0,43.38,12.65,41.07
Flower power 1099,PI040298AD5I211178,2018-09-05 10:41:37,-1.0,66.98,13.16,36.09
Flower power 1099,PI040298AD5I211178,2018-09-05 10:56:37,-1.0,56.98,12.91,35.77
Flower power 1099,PI040298AD5I211178,2018-09-05 11:11:37,-1.0,59.98,12.65,37.24
Flower power 1099,PI040298AD5I211178,2018-09-05 11:26:37,-1.0,81.06,12.91,38.13
Flower power 1099,PI040298AD5I211178,2018-09-05 11:41:37,-1.0,62.53,13.04,38.74
Flower power 1099,PI040298AD5I211178,2018-09-05 11:56:37,-1.0,58.95,12.78,37.01
Flower power 1099,PI040298AD5I211178,2018-09-05 12:11:37,-1.0,59.98,13.04,46.14
Flower power 1099,PI040298AD5I211178,2018-09-05 12:26:37,-1.0,48.58,12.65,34.5
Flower power 1099,PI040298AD5I211178,2018-09-05 12:41:37,-1.0,48.82,12.91,47.64
Flower power 1099,PI040298AD5I211178,2018-09-05 12:56:37,-1.0,51.79,13.16,37.57
Flower power 1099,PI040298AD5I211178,2018-09-05 13:11:37,-1.0,38.86,12.78,33.78
Flower power 1099,PI040298AD5I211178,2018-09-05 13:26:37,-1.0,94.13,13.04,36.27
Flower power 1099,PI040298AD5I211178,2018-09-05 13:41:37,-1.0,38.27,13.04,33.51
Flower power 1099,PI040298AD5I211178,2018-09-05 13:56:37,-1.0,139.72,12.91,44.11
Flower power 1099,PI040298AD5I211178,2018-09-05 14:11:37,-1.0,47.9,13.29,41.21
Flower power 1099,PI040298AD5I211178,2018-09-05 14:26:37,-1.0,141.55,12.78,44.27
Flower power 1099,PI040298AD5I211178,2018-09-05 14:41:37,-1.0,134.49,12.91,40.28
Flower power 1099,PI040298AD5I211178,2018-09-05 14:56:37,-1.0,122.26,13.04,45.01
Flower power 1099,PI040298AD5I211178,2018-09-05 15:11:37,-1.0,108.59,12.91,45.98
Flower power 1099,PI040298AD5I211178,2018-09-05 15:26:37,-1.0,97.6,13.16,45.06
Flower power 1099,PI040298AD5I211178,2018-09-05 15:41:37,-1.0,72.6,13.16,43.9
Flower power 1099,PI040298AD5I211178,2018-09-05 15:56:37,-1.0,94.97,13.29,45.33
Flower power 1099,PI040298AD5I211178,2018-09-05 16:11:37,-1.0,30.07,13.42,35.45
Flower power 1099,PI040298AD5I211178,2018-09-05 16:26:37,-1.0,44.53,13.16,35.04
Flower power 1099,PI040298AD5I211178,2018-09-05 16:41:37,-1.0,49.53,13.04,35.68
Flower power 1099,PI040298AD5I211178,2018-09-05 16:56:37,-1.0,24.77,13.29,33.42
Flower power 1099,PI040298AD5I211178,2018-09-05 17:11:37,-1.0,30.25,13.42,30.85
Flower power 1099,PI040298AD5I211178,2018-09-05 17:26:37,-1.0,24.52,13.16,28.82
Flower power 1099,PI040298AD5I211178,2018-09-05 17:41:37,-1.0,14.16,12.78,27.8
Flower power 1099,PI040298AD5I211178,2018-09-05 17:56:37,-1.0,9.31,12.78,24.98
Flower power 1099,PI040298AD5I211178,2018-09-05 18:11:37,-1.0,7.07,13.16,23.93
Flower power 1099,PI040298AD5I211178,2018-09-05 18:26:37,-1.0,4.64,12.78,23.0
Flower power 1099,PI040298AD5I211178,2018-09-05 18:41:37,-1.0,2.26,13.29,22.21
Flower power 1099,PI040298AD5I211178,2018-09-05 18:56:37,-1.0,0.65,13.16,21.41
Flower power 1099,PI040298AD5I211178,2018-09-05 19:11:37,-1.0,0.1,13.04,20.83
Flower power 1099,PI040298AD5I211178,2018-09-05 19:26:37,-1.0,0.1,13.29,20.55
Flower power 1099,PI040298AD5I211178,2018-09-05 19:41:37,-1.0,0.1,12.65,20.16
Flower power 1099,PI040298AD5I211178,2018-09-05 19:56:37,-1.0,0.1,12.78,20.06
Flower power 1099,PI040298AD5I211178,2018-09-05 20:11:37,-1.0,0.1,13.16,19.92
Flower power 1099,PI040298AD5I211178,2018-09-05 20:26:37,-1.0,0.1,12.91,19.87
Flower power 1099,PI040298AD5I211178,2018-09-05 20:41:37,-1.0,0.1,12.65,19.72
Flower power 1099,PI040298AD5I211178,2018-09-05 20:56:37,-1.0,0.1,13.04,19.57
Flower power 1099,PI040298AD5I211178,2018-09-05 21:11:37,-1.0,0.1,13.16,19.53
Flower power 1099,PI040298AD5I211178,2018-09-05 21:26:37,-1.0,0.1,13.04,19.57
Flower power 1099,PI040298AD5I211178,2018-09-05 21:41:37,-1.0,0.1,12.78,19.28
Flower power 1099,PI040298AD5I211178,2018-09-05 21:56:37,-1.0,0.1,12.78,19.18
Flower power 1099,PI040298AD5I211178,2018-09-05 22:11:37,-1.0,0.1,12.91,19.13
Flower power 1099,PI040298AD5I211178,2018-09-05 22:26:37,-1.0,0.1,13.16,19.03
Flower power 1099,PI040298AD5I211178,2018-09-05 22:41:37,-1.0,0.1,12.78,18.88
Flower power 1099,PI040298AD5I211178,2018-09-05 22:56:37,-1.0,0.1,12.91,18.83
Flower power 1099,PI040298AD5I211178,2018-09-05 23:11:37,-1.0,0.1,12.65,18.83
Flower power 1099,PI040298AD5I211178,2018-09-05 23:26:37,-1.0,0.1,12.91,18.88
Flower power 1099,PI040298AD5I211178,2018-09-05 23:41:37,-1.0,0.1,12.91,18.49
Flower power 1099,PI040298AD5I211178,2018-09-05 23:56:37,-1.0,0.1,12.65,18.59
Flower power 1099,PI040298AD5I211178,2018-09-06 00:11:37,-1.0,0.1,12.65,18.44
Flower power 1099,PI040298AD5I211178,2018-09-06 00:26:37,-1.0,0.1,12.52,18.39
Flower power 1099,PI040298AD5I211178,2018-09-06 00:41:37,-1.0,0.1,12.78,17.93
Flower power 1099,PI040298AD5I211178,2018-09-06 00:56:37,-1.0,0.1,12.78,17.98
Flower power 1099,PI040298AD5I211178,2018-09-06 01:11:37,-1.0,0.1,12.91,18.19
Flower power 1099,PI040298AD5I211178,2018-09-06 01:26:37,-1.0,0.1,12.91,18.19
Flower power 1099,PI040298AD5I211178,2018-09-06 01:41:37,-1.0,0.1,13.04,17.93
Flower power 1099,PI040298AD5I211178,2018-09-06 01:56:37,-1.0,0.1,12.65,17.98
Flower power 1099,PI040298AD5I211178,2018-09-06 02:11:37,-1.0,0.1,12.78,18.13
Flower power 1099,PI040298AD5I211178,2018-09-06 02:26:37,-1.0,0.1,12.65,17.88
Flower power 1099,PI040298AD5I211178,2018-09-06 02:41:37,-1.0,0.1,12.78,17.88
Flower power 1099,PI040298AD5I211178,2018-09-06 02:56:37,-1.0,0.1,12.4,17.93
Flower power 1099,PI040298AD5I211178,2018-09-06 03:11:37,-1.0,0.1,12.4,17.98
Flower power 1099,PI040298AD5I211178,2018-09-06 03:26:37,-1.0,0.1,12.78,17.83
Flower power 1099,PI040298AD5I211178,2018-09-06 03:41:37,-1.0,0.1,12.52,17.73
Flower power 1099,PI040298AD5I211178,2018-09-06 03:56:37,-1.0,0.1,12.91,17.48
Flower power 1099,PI040298AD5I211178,2018-09-06 04:11:37,-1.0,0.1,12.4,17.68
Flower power 1099,PI040298AD5I211178,2018-09-06 04:26:37,-1.0,0.1,13.04,17.58
Flower power 1099,PI040298AD5I211178,2018-09-06 04:41:37,-1.0,0.1,12.65,17.48
Flower power 1099,PI040298AD5I211178,2018-09-06 04:56:37,-1.0,0.1,12.91,17.53
Flower power 1099,PI040298AD5I211178,2018-09-06 05:11:37,-1.0,0.1,12.52,17.48
Flower power 1099,PI040298AD5I211178,2018-09-06 05:26:37,-1.0,0.1,12.78,17.12
Flower power 1099,PI040298AD5I211178,2018-09-06 05:41:37,-1.0,0.1,12.52,17.12
Flower power 1099,PI040298AD5I211178,2018-09-06 05:56:37,-1.0,0.1,12.78,17.38
Flower power 1099,PI040298AD5I211178,2018-09-06 06:11:37,-1.0,0.83,12.78,17.68
Flower power 1099,PI040298AD5I211178,2018-09-06 06:26:37,-1.0,2.69,12.4,18.03
Flower power 1099,PI040298AD5I211178,2018-09-06 06:41:37,-1.0,5.21,12.78,18.13
Flower power 1099,PI040298AD5I211178,2018-09-06 06:56:37,-1.0,7.53,12.78,17.73
Flower power 1099,PI040298AD5I211178,2018-09-06 07:11:37,-1.0,9.81,12.65,18.03
Flower power 1099,PI040298AD5I211178,2018-09-06 07:26:37,-1.0,12.76,12.78,18.93
Flower power 1099,PI040298AD5I211178,2018-09-06 07:41:37,-1.0,37.27,12.65,24.16
Flower power 1099,PI040298AD5I211178,2018-09-06 07:56:37,-1.0,28.75,12.4,26.33
Flower power 1099,PI040298AD5I211178,2018-09-06 08:11:37,-1.0,26.51,13.04,28.91
Flower power 1099,PI040298AD5I211178,2018-09-06 08:26:37,-1.0,48.35,13.04,31.03
Flower power 1099,PI040298AD5I211178,2018-09-06 08:41:37,-1.0,75.77,12.78,33.96
Flower power 1099,PI040298AD5I211178,2018-09-06 08:56:37,-1.0,85.01,12.65,33.92
Flower power 1099,PI040298AD5I211178,2018-09-06 09:11:37,-1.0,80.44,12.65,34.14
Flower power 1099,PI040298AD5I211178,2018-09-06 09:26:37,-1.0,105.36,12.78,37.8
Flower power 1099,PI040298AD5I211178,2018-09-06 09:41:37,-1.0,113.2,12.91,39.65
Flower power 1099,PI040298AD5I211178,2018-09-06 09:56:37,-1.0,123.67,12.91,40.82
Flower power 1099,PI040298AD5I211178,2018-09-06 10:11:37,-1.0,129.64,12.78,40.33
Flower power 1099,PI040298AD5I211178,2018-09-06 10:26:37,-1.0,134.49,12.78,41.41
Flower power 1099,PI040298AD5I211178,2018-09-06 10:41:37,-1.0,137.93,12.65,41.16
Flower power 1099,PI040298AD5I211178,2018-09-06 10:56:37,-1.0,134.49,13.16,38.32
Flower power 1099,PI040298AD5I211178,2018-09-06 11:11:37,-1.0,145.35,12.91,41.46
Flower power 1099,PI040298AD5I211178,2018-09-06 11:26:37,-1.0,52.87,12.91,41.81
Flower power 1099,PI040298AD5I211178,2018-09-06 11:41:37,-1.0,151.44,13.04,46.91
Flower power 1099,PI040298AD5I211178,2018-09-06 11:56:37,-1.0,153.59,13.04,48.14
Flower power 1099,PI040298AD5I211178,2018-09-06 12:11:37,-1.0,151.44,12.91,48.77
Flower power 1099,PI040298AD5I211178,2018-09-06 12:26:37,-1.0,153.59,12.78,49.82
Flower power 1099,PI040298AD5I211178,2018-09-06 12:41:37,-1.0,151.44,13.29,47.41
Flower power 1099,PI040298AD5I211178,2018-09-06 12:56:37,-1.0,136.19,13.16,47.58
Flower power 1099,PI040298AD5I211178,2018-09-06 13:11:37,-1.0,145.35,13.04,49.82
Flower power 1099,PI040298AD5I211178,2018-09-06 13:26:37,-1.0,143.43,13.42,48.49
Flower power 1099,PI040298AD5I211178,2018-09-06 13:41:37,-1.0,139.72,13.29,47.24
Flower power 1099,PI040298AD5I211178,2018-09-06 13:56:37,-1.0,134.49,13.29,47.24
Flower power 1099,PI040298AD5I211178,2018-09-06 14:11:37,-1.0,64.48,13.04,41.26
Flower power 1099,PI040298AD5I211178,2018-09-06 14:26:37,-1.0,125.11,13.16,45.6
Flower power 1099,PI040298AD5I211178,2018-09-06 14:41:37,-1.0,89.34,13.29,43.49
Flower power 1099,PI040298AD5I211178,2018-09-06 14:56:37,-1.0,112.01,13.16,43.64
Flower power 1099,PI040298AD5I211178,2018-09-06 15:11:37,-1.0,102.31,13.29,41.91
Flower power 1099,PI040298AD5I211178,2018-09-06 15:26:37,-1.0,94.13,12.91,42.42
Flower power 1099,PI040298AD5I211178,2018-09-06 15:41:37,-1.0,87.85,13.16,42.47
Flower power 1099,PI040298AD5I211178,2018-09-06 15:56:37,-1.0,81.7,13.04,41.31
Flower power 1099,PI040298AD5I211178,2018-09-06 16:11:37,-1.0,64.48,13.16,37.47
Flower power 1099,PI040298AD5I211178,2018-09-06 16:26:37,-1.0,42.83,13.16,35.09
Flower power 1099,PI040298AD5I211178,2018-09-06 16:41:37,-1.0,48.12,13.04,35.31
Flower power 1099,PI040298AD5I211178,2018-09-06 16:56:37,-1.0,28.34,13.04,31.91
Flower power 1099,PI040298AD5I211178,2018-09-06 17:11:37,-1.0,21.35,12.91,29.22
Flower power 1099,PI040298AD5I211178,2018-09-06 17:26:37,-1.0,14.59,12.91,27.62
Flower power 1099,PI040298AD5I211178,2018-09-06 17:41:37,-1.0,12.26,13.04,26.55
Flower power 1099,PI040298AD5I211178,2018-09-06 17:56:37,-1.0,8.39,13.04,23.74
Flower power 1099,PI040298AD5I211178,2018-09-06 18:11:37,-1.0,6.51,12.91,23.0
Flower power 1099,PI040298AD5I211178,2018-09-06 18:26:37,-1.0,4.41,12.91,22.21
Flower power 1099,PI040298AD5I211178,2018-09-06 18:41:37,-1.0,2.05,13.29,21.41
Flower power 1099,PI040298AD5I211178,2018-09-06 18:56:37,-1.0,0.48,13.29,20.69
Flower power 1099,PI040298AD5I211178,2018-09-06 19:11:37,-1.0,0.1,13.16,19.96
Flower power 1099,PI040298AD5I211178,2018-09-06 19:26:37,-1.0,0.1,13.04,19.77
Flower power 1099,PI040298AD5I211178,2018-09-06 19:41:37,-1.0,0.1,13.16,19.53
Flower power 1099,PI040298AD5I211178,2018-09-06 19:56:37,-1.0,0.1,12.65,19.33
Flower power 1099,PI040298AD5I211178,2018-09-06 20:11:37,-1.0,0.1,13.04,18.93
Flower power 1099,PI040298AD5I211178,2018-09-06 20:26:37,-1.0,0.1,12.78,18.74
Flower power 1099,PI040298AD5I211178,2018-09-06 20:41:37,-1.0,0.1,12.78,18.64
Flower power 1099,PI040298AD5I211178,2018-09-06 20:56:37,-1.0,0.1,13.04,18.44
Flower power 1099,PI040298AD5I211178,2018-09-06 21:11:37,-1.0,0.1,12.91,18.08
Flower power 1099,PI040298AD5I211178,2018-09-06 21:26:37,-1.0,0.1,12.91,18.13
Flower power 1099,PI040298AD5I211178,2018-09-06 21:41:37,-1.0,0.1,12.78,17.88
Flower power 1099,PI040298AD5I211178,2018-09-06 21:56:37,-1.0,0.1,13.16,17.58
Flower power 1099,PI040298AD5I211178,2018-09-06 22:11:37,-1.0,0.1,13.16,17.38
Flower power 1099,PI040298AD5I211178,2018-09-06 22:26:37,-1.0,0.1,12.78,17.58
Flower power 1099,PI040298AD5I211178,2018-09-06 22:41:37,-1.0,0.1,13.16,17.48
Flower power 1099,PI040298AD5I211178,2018-09-06 22:56:37,-1.0,0.1,13.04,17.32
Flower power 1099,PI040298AD5I211178,2018-09-06 23:11:37,-1.0,0.1,12.65,17.22
Flower power 1099,PI040298AD5I211178,2018-09-06 23:26:37,-1.0,0.1,13.16,17.02
Flower power 1099,PI040298AD5I211178,2018-09-06 23:41:37,-1.0,0.1,12.65,16.66
Flower power 1099,PI040298AD5I211178,2018-09-06 23:56:37,-1.0,0.1,12.65,16.29
Flower power 1099,PI040298AD5I211178,2018-09-07 00:11:37,-1.0,0.1,13.04,16.19
Flower power 1099,PI040298AD5I211178,2018-09-07 00:26:37,-1.0,0.1,12.91,16.19
Flower power 1099,PI040298AD5I211178,2018-09-07 00:41:37,-1.0,0.1,12.65,16.55
Flower power 1099,PI040298AD5I211178,2018-09-07 00:56:37,-1.0,0.1,12.65,16.03
Flower power 1099,PI040298AD5I211178,2018-09-07 01:11:37,-1.0,0.1,12.91,16.29
Flower power 1099,PI040298AD5I211178,2018-09-07 01:26:37,-1.0,0.1,12.91,16.5
Flower power 1099,PI040298AD5I211178,2018-09-07 01:41:37,-1.0,0.1,12.91,16.4
Flower power 1099,PI040298AD5I211178,2018-09-07 01:56:37,-1.0,0.1,13.04,16.14
Flower power 1099,PI040298AD5I211178,2018-09-07 02:11:37,-1.0,0.1,12.52,14.81
Flower power 1099,PI040298AD5I211178,2018-09-07 02:26:37,-1.0,0.1,13.04,14.65
Flower power 1099,PI040298AD5I211178,2018-09-07 02:41:37,-1.0,0.1,12.78,13.84
Flower power 1099,PI040298AD5I211178,2018-09-07 02:56:37,-1.0,0.1,12.65,13.95
Flower power 1099,PI040298AD5I211178,2018-09-07 03:11:37,-1.0,0.1,12.78,14.43
Flower power 1099,PI040298AD5I211178,2018-09-07 03:26:37,-1.0,0.1,12.91,13.4
Flower power 1099,PI040298AD5I211178,2018-09-07 03:41:37,-1.0,0.1,13.04,13.06
Flower power 1099,PI040298AD5I211178,2018-09-07 03:56:37,-1.0,0.1,13.04,12.84
Flower power 1099,PI040298AD5I211178,2018-09-07 04:11:37,-1.0,0.1,12.4,12.78
Flower power 1099,PI040298AD5I211178,2018-09-07 04:26:37,-1.0,0.1,12.52,12.45
Flower power 1099,PI040298AD5I211178,2018-09-07 04:41:37,-1.0,0.1,12.78,12.39
Flower power 1099,PI040298AD5I211178,2018-09-07 04:56:37,-1.0,0.1,12.78,12.39
Flower power 1099,PI040298AD5I211178,2018-09-07 05:11:37,-1.0,0.1,12.52,12.16
Flower power 1099,PI040298AD5I211178,2018-09-07 05:26:37,-1.0,0.1,12.52,12.22
Flower power 1099,PI040298AD5I211178,2018-09-07 05:41:37,-1.0,0.1,12.4,12.56
Flower power 1099,PI040298AD5I211178,2018-09-07 05:56:37,-1.0,0.1,12.65,12.56
Flower power 1099,PI040298AD5I211178,2018-09-07 06:11:37,-1.0,0.66,12.78,14.43
Flower power 1099,PI040298AD5I211178,2018-09-07 06:26:37,-1.0,1.9,12.52,15.08
Flower power 1099,PI040298AD5I211178,2018-09-07 06:41:37,-1.0,3.96,12.65,16.03
Flower power 1099,PI040298AD5I211178,2018-09-07 06:56:37,-1.0,8.87,12.65,17.17
Flower power 1099,PI040298AD5I211178,2018-09-07 07:11:37,-1.0,13.04,12.65,18.74
Flower power 1099,PI040298AD5I211178,2018-09-07 07:26:37,-1.0,14.26,12.91,20.5
Flower power 1099,PI040298AD5I211178,2018-09-07 07:41:37,-1.0,16.77,13.04,21.45
Flower power 1099,PI040298AD5I211178,2018-09-07 07:56:37,-1.0,21.73,12.65,23.19
Flower power 1099,PI040298AD5I211178,2018-09-07 08:11:37,-1.0,23.98,12.65,24.61
Flower power 1099,PI040298AD5I211178,2018-09-07 08:26:37,-1.0,36.33,12.4,26.86
Flower power 1099,PI040298AD5I211178,2018-09-07 08:41:37,-1.0,29.62,12.78,27.18
Flower power 1099,PI040298AD5I211178,2018-09-07 08:56:37,-1.0,74.16,12.91,31.34
Flower power 1099,PI040298AD5I211178,2018-09-07 09:11:37,-1.0,61.41,12.78,31.29
Flower power 1099,PI040298AD5I211178,2018-09-07 09:26:37,-1.0,66.55,12.78,33.02
Flower power 1099,PI040298AD5I211178,2018-09-07 09:41:37,-1.0,62.15,12.91,31.65
Flower power 1099,PI040298AD5I211178,2018-09-07 09:56:37,-1.0,132.84,12.65,40.97
Flower power 1099,PI040298AD5I211178,2018-09-07 10:11:37,-1.0,139.72,13.04,44.74
Flower power 1099,PI040298AD5I211178,2018-09-07 10:26:37,-1.0,141.55,13.16,44.96
Flower power 1099,PI040298AD5I211178,2018-09-07 10:41:37,-1.0,126.58,12.65,43.96
Flower power 1099,PI040298AD5I211178,2018-09-07 10:56:37,-1.0,49.53,13.04,39.17
Flower power 1099,PI040298AD5I211178,2018-09-07 11:11:37,-1.0,145.35,12.91,42.31
Flower power 1099,PI040298AD5I211178,2018-09-07 11:26:37,-1.0,114.41,13.04,43.39
Flower power 1099,PI040298AD5I211178,2018-09-07 11:41:37,-1.0,151.44,13.16,47.41
Flower power 1099,PI040298AD5I211178,2018-09-07 11:56:37,-1.0,151.44,13.04,47.86
Flower power 1099,PI040298AD5I211178,2018-09-07 12:11:37,-1.0,153.59,13.29,48.26
Flower power 1099,PI040298AD5I211178,2018-09-07 12:26:37,-1.0,155.79,13.29,49.76
Flower power 1099,PI040298AD5I211178,2018-09-07 12:41:37,-1.0,153.59,13.04,46.91
Flower power 1099,PI040298AD5I211178,2018-09-07 12:56:37,-1.0,151.44,13.16,47.52
Flower power 1099,PI040298AD5I211178,2018-09-07 13:11:37,-1.0,122.26,12.91,48.49
Flower power 1099,PI040298AD5I211178,2018-09-07 13:26:37,-1.0,149.36,13.16,49.53
Flower power 1099,PI040298AD5I211178,2018-09-07 13:41:37,-1.0,103.31,13.29,52.67
Flower power 1099,PI040298AD5I211178,2018-09-07 13:56:37,-1.0,149.36,13.29,49.82
Flower power 1099,PI040298AD5I211178,2018-09-07 14:11:37,-1.0,86.41,13.29,47.86
Flower power 1099,PI040298AD5I211178,2018-09-07 14:26:37,-1.0,60.33,13.04,48.26
Flower power 1099,PI040298AD5I211178,2018-09-07 14:41:37,-1.0,122.26,13.04,48.14
Flower power 1099,PI040298AD5I211178,2018-09-07 14:56:37,-1.0,113.2,13.16,47.13
Flower power 1099,PI040298AD5I211178,2018-09-07 15:11:37,-1.0,66.55,13.55,42.11
Flower power 1099,PI040298AD5I211178,2018-09-07 15:26:37,-1.0,94.13,13.04,44.85
Flower power 1099,PI040298AD5I211178,2018-09-07 15:41:37,-1.0,87.85,13.29,45.98
Flower power 1099,PI040298AD5I211178,2018-09-07 15:56:37,-1.0,81.06,13.42,43.59
Flower power 1099,PI040298AD5I211178,2018-09-07 16:11:37,-1.0,52.06,13.55,39.41
Flower power 1099,PI040298AD5I211178,2018-09-07 16:26:37,-1.0,31.2,13.55,36.09
Flower power 1099,PI040298AD5I211178,2018-09-07 16:41:37,-1.0,40.92,13.16,36.41
Flower power 1099,PI040298AD5I211178,2018-09-07 16:56:37,-1.0,32.86,13.55,33.07
Flower power 1099,PI040298AD5I211178,2018-09-07 17:11:37,-1.0,16.86,13.29,29.97
Flower power 1099,PI040298AD5I211178,2018-09-07 17:26:37,-1.0,15.37,13.42,28.82
Flower power 1099,PI040298AD5I211178,2018-09-07 17:41:37,-1.0,11.22,12.91,27.27
Flower power 1099,PI040298AD5I211178,2018-09-07 17:56:37,-1.0,7.94,13.16,24.25
Flower power 1099,PI040298AD5I211178,2018-09-07 18:11:37,-1.0,5.66,13.29,22.86
Flower power 1099,PI040298AD5I211178,2018-09-07 18:26:37,-1.0,3.6,12.91,22.3
Flower power 1099,PI040298AD5I211178,2018-09-07 18:41:37,-1.0,1.85,12.91,22.02
Flower power 1099,PI040298AD5I211178,2018-09-07 18:56:37,-1.0,0.42,13.29,21.03
Flower power 1099,PI040298AD5I211178,2018-09-07 19:11:37,-1.0,0.1,13.29,19.96
Flower power 1099,PI040298AD5I211178,2018-09-07 19:26:37,-1.0,0.1,13.16,19.57
Flower power 1099,PI040298AD5I211178,2018-09-07 19:41:37,-1.0,0.1,13.29,18.49
Flower power 1099,PI040298AD5I211178,2018-09-07 19:56:37,-1.0,0.1,12.91,17.53
Flower power 1099,PI040298AD5I211178,2018-09-07 20:11:37,-1.0,0.1,13.04,16.76
Flower power 1099,PI040298AD5I211178,2018-09-07 20:26:37,-1.0,0.1,12.78,16.34
Flower power 1099,PI040298AD5I211178,2018-09-07 20:41:37,-1.0,0.1,13.04,15.98
Flower power 1099,PI040298AD5I211178,2018-09-07 20:56:37,-1.0,0.1,13.04,15.93
Flower power 1099,PI040298AD5I211178,2018-09-07 21:11:37,-1.0,0.1,13.16,15.45
Flower power 1099,PI040298AD5I211178,2018-09-07 21:26:37,-1.0,0.1,12.91,15.03
Flower power 1099,PI040298AD5I211178,2018-09-07 21:41:37,-1.0,0.1,12.78,15.03
Flower power 1099,PI040298AD5I211178,2018-09-07 21:56:37,-1.0,0.1,12.91,14.76
Flower power 1099,PI040298AD5I211178,2018-09-07 22:11:37,-1.0,0.1,12.91,14.65
Flower power 1099,PI040298AD5I211178,2018-09-07 22:26:37,-1.0,0.1,12.91,14.54
Flower power 1099,PI040298AD5I211178,2018-09-07 22:41:37,-1.0,0.1,13.04,14.16
Flower power 1099,PI040298AD5I211178,2018-09-07 22:56:37,-1.0,0.1,12.91,14.22
Flower power 1099,PI040298AD5I211178,2018-09-07 23:11:37,-1.0,0.1,12.78,14.05
Flower power 1099,PI040298AD5I211178,2018-09-07 23:26:37,-1.0,0.1,12.52,14.0
Flower power 1099,PI040298AD5I211178,2018-09-07 23:41:37,-1.0,0.1,12.65,14.0
Flower power 1099,PI040298AD5I211178,2018-09-07 23:56:37,-1.0,0.1,12.65,13.67
Flower power 1099,PI040298AD5I211178,2018-09-08 00:11:37,-1.0,0.1,12.91,13.62
Flower power 1099,PI040298AD5I211178,2018-09-08 00:26:37,-1.0,0.1,13.16,13.34
Flower power 1099,PI040298AD5I211178,2018-09-08 00:41:37,-1.0,0.1,12.91,13.62
Flower power 1099,PI040298AD5I211178,2018-09-08 00:56:37,-1.0,0.1,12.91,13.45
Flower power 1099,PI040298AD5I211178,2018-09-08 01:11:37,-1.0,0.1,12.91,13.17
Flower power 1099,PI040298AD5I211178,2018-09-08 01:26:37,-1.0,0.1,12.65,13.34
Flower power 1099,PI040298AD5I211178,2018-09-08 01:41:37,-1.0,0.1,12.91,13.4
Flower power 1099,PI040298AD5I211178,2018-09-08 01:56:37,-1.0,0.1,12.91,13.73
Flower power 1099,PI040298AD5I211178,2018-09-08 02:11:37,-1.0,0.1,12.91,13.67
Flower power 1099,PI040298AD5I211178,2018-09-08 02:26:37,-1.0,0.1,13.04,13.67
Flower power 1099,PI040298AD5I211178,2018-09-08 02:41:37,-1.0,0.1,12.78,12.9
Flower power 1099,PI040298AD5I211178,2018-09-08 02:56:37,-1.0,0.1,13.04,13.89
Flower power 1099,PI040298AD5I211178,2018-09-08 03:11:37,-1.0,0.1,12.78,13.89
Flower power 1099,PI040298AD5I211178,2018-09-08 03:26:37,-1.0,0.1,12.52,13.51
Flower power 1099,PI040298AD5I211178,2018-09-08 03:41:37,-1.0,0.1,13.04,13.28
Flower power 1099,PI040298AD5I211178,2018-09-08 03:56:37,-1.0,0.1,13.04,13.23
Flower power 1099,PI040298AD5I211178,2018-09-08 04:11:37,-1.0,0.1,12.91,12.5
Flower power 1099,PI040298AD5I211178,2018-09-08 04:26:37,-1.0,0.1,12.52,12.45
Flower power 1099,PI040298AD5I211178,2018-09-08 04:41:37,-1.0,0.1,12.52,12.28
Flower power 1099,PI040298AD5I211178,2018-09-08 04:56:37,-1.0,0.1,13.04,12.39
Flower power 1099,PI040298AD5I211178,2018-09-08 05:11:37,-1.0,0.1,12.78,12.22
Flower power 1099,PI040298AD5I211178,2018-09-08 05:26:37,-1.0,0.1,12.78,11.99
Flower power 1099,PI040298AD5I211178,2018-09-08 05:41:37,-1.0,0.1,12.52,12.05
Flower power 1099,PI040298AD5I211178,2018-09-08 05:56:37,-1.0,0.1,12.91,12.05
Flower power 1099,PI040298AD5I211178,2018-09-08 06:11:37,-1.0,0.67,12.52,12.45
Flower power 1099,PI040298AD5I211178,2018-09-08 06:26:37,-1.0,2.46,12.91,13.56
Flower power 1099,PI040298AD5I211178,2018-09-08 06:41:37,-1.0,5.09,12.78,14.81
Flower power 1099,PI040298AD5I211178,2018-09-08 06:56:37,-1.0,7.43,12.52,15.61
Flower power 1099,PI040298AD5I211178,2018-09-08 07:11:37,-1.0,10.71,12.65,16.97
Flower power 1099,PI040298AD5I211178,2018-09-08 07:26:37,-1.0,14.35,12.65,18.24
Flower power 1099,PI040298AD5I211178,2018-09-08 07:41:37,-1.0,25.74,12.65,22.49
Flower power 1099,PI040298AD5I211178,2018-09-08 07:56:37,-1.0,53.14,12.78,26.15
Flower power 1099,PI040298AD5I211178,2018-09-08 08:11:37,-1.0,39.32,12.65,26.37
Flower power 1099,PI040298AD5I211178,2018-09-08 08:26:37,-1.0,34.33,12.52,27.98
Flower power 1099,PI040298AD5I211178,2018-09-08 08:41:37,-1.0,58.61,13.04,32.27
Flower power 1099,PI040298AD5I211178,2018-09-08 08:56:37,-1.0,66.55,12.52,35.45
Flower power 1099,PI040298AD5I211178,2018-09-08 09:11:37,-1.0,97.6,12.65,38.04
Flower power 1099,PI040298AD5I211178,2018-09-08 09:26:37,-1.0,116.91,13.04,39.7
Flower power 1099,PI040298AD5I211178,2018-09-08 09:41:37,-1.0,125.11,12.91,44.11
Flower power 1099,PI040298AD5I211178,2018-09-08 09:56:37,-1.0,151.44,12.91,45.82
Flower power 1099,PI040298AD5I211178,2018-09-08 10:11:37,-1.0,128.09,12.52,42.97
Flower power 1099,PI040298AD5I211178,2018-09-08 10:26:37,-1.0,34.21,13.16,30.76
Flower power 1099,PI040298AD5I211178,2018-09-08 10:41:37,-1.0,167.79,12.65,40.14
Flower power 1099,PI040298AD5I211178,2018-09-08 10:56:37,-1.0,85.7,13.16,41.26
Flower power 1099,PI040298AD5I211178,2018-09-08 11:11:37,-1.0,167.79,12.91,46.14
Flower power 1099,PI040298AD5I211178,2018-09-08 11:26:37,-1.0,167.79,13.04,48.66
Flower power 1099,PI040298AD5I211178,2018-09-08 11:41:37,-1.0,170.41,13.04,51.68
Flower power 1099,PI040298AD5I211178,2018-09-08 11:56:37,-1.0,170.41,12.91,52.36
Flower power 1099,PI040298AD5I211178,2018-09-08 12:11:37,-1.0,53.7,12.91,45.17
Flower power 1099,PI040298AD5I211178,2018-09-08 12:26:37,-1.0,184.79,12.78,50.36
Flower power 1099,PI040298AD5I211178,2018-09-08 12:41:37,-1.0,155.79,13.16,49.35
Flower power 1099,PI040298AD5I211178,2018-09-08 12:56:37,-1.0,160.38,13.16,49.41
Flower power 1099,PI040298AD5I211178,2018-09-08 13:11:37,-1.0,116.91,13.04,51.44
Flower power 1099,PI040298AD5I211178,2018-09-08 13:26:37,-1.0,173.11,13.04,50.65
Flower power 1099,PI040298AD5I211178,2018-09-08 13:41:37,-1.0,49.29,13.16,45.01
Flower power 1099,PI040298AD5I211178,2018-09-08 13:56:37,-1.0,75.23,13.29,42.62
Flower power 1099,PI040298AD5I211178,2018-09-08 14:10:53,-1.0,85.7,13.04,43.9
Flower power 1099,PI040298AD5I211178,2018-09-08 14:25:53,-1.0,101.34,13.16,48.83
Flower power 1099,PI040298AD5I211178,2018-09-08 14:40:53,-1.0,137.93,13.04,50.3
Flower power 1099,PI040298AD5I211178,2018-09-08 14:55:53,-1.0,114.41,13.04,47.3
Flower power 1099,PI040298AD5I211178,2018-09-08 15:10:53,-1.0,88.59,13.55,41.26
Flower power 1099,PI040298AD5I211178,2018-09-08 15:25:53,-1.0,90.11,13.55,44.53
Flower power 1099,PI040298AD5I211178,2018-09-08 15:40:53,-1.0,85.01,13.29,45.06
Flower power 1099,PI040298AD5I211178,2018-09-08 15:55:53,-1.0,79.83,13.16,43.7
Flower power 1099,PI040298AD5I211178,2018-09-08 16:10:53,-1.0,57.3,13.16,40.23
Flower power 1099,PI040298AD5I211178,2018-09-08 16:25:53,-1.0,53.98,13.42,37.15
Flower power 1099,PI040298AD5I211178,2018-09-08 16:40:53,-1.0,43.2,13.42,36.96
Flower power 1099,PI040298AD5I211178,2018-09-08 16:55:53,-1.0,30.91,13.42,33.56
Flower power 1099,PI040298AD5I211178,2018-09-08 17:10:53,-1.0,16.57,13.29,30.76
Flower power 1099,PI040298AD5I211178,2018-09-08 17:25:53,-1.0,11.86,13.29,28.73
Flower power 1099,PI040298AD5I211178,2018-09-08 17:40:53,-1.0,11.18,13.16,27.58
Flower power 1099,PI040298AD5I211178,2018-09-08 17:55:53,-1.0,7.55,13.42,24.48
Flower power 1099,PI040298AD5I211178,2018-09-08 18:10:53,-1.0,5.62,13.29,23.19
Flower power 1099,PI040298AD5I211178,2018-09-08 18:25:53,-1.0,3.49,12.91,22.07
Flower power 1099,PI040298AD5I211178,2018-09-08 18:40:53,-1.0,1.62,13.29,21.07
Flower power 1099,PI040298AD5I211178,2018-09-08 18:55:53,-1.0,0.35,13.04,20.35
Flower power 1099,PI040298AD5I211178,2018-09-08 19:10:53,-1.0,0.1,13.04,19.43
Flower power 1099,PI040298AD5I211178,2018-09-08 19:25:53,-1.0,0.1,13.16,18.69
Flower power 1099,PI040298AD5I211178,2018-09-08 19:40:53,-1.0,0.1,13.29,18.39
Flower power 1099,PI040298AD5I211178,2018-09-08 19:55:53,-1.0,0.1,13.04,17.53
Flower power 1099,PI040298AD5I211178,2018-09-08 20:10:53,-1.0,0.1,13.29,17.43
Flower power 1099,PI040298AD5I211178,2018-09-08 20:25:53,-1.0,0.1,13.16,16.91
Flower power 1099,PI040298AD5I211178,2018-09-08 20:40:53,-1.0,0.1,13.16,16.5
Flower power 1099,PI040298AD5I211178,2018-09-08 20:55:53,-1.0,0.1,12.91,16.24
Flower power 1099,PI040298AD5I211178,2018-09-08 21:10:53,-1.0,0.1,13.29,15.93
Flower power 1099,PI040298AD5I211178,2018-09-08 21:25:53,-1.0,0.1,12.91,15.56
Flower power 1099,PI040298AD5I211178,2018-09-08 21:40:53,-1.0,0.1,12.65,15.45
Flower power 1099,PI040298AD5I211178,2018-09-08 21:55:53,-1.0,0.1,13.04,15.4
Flower power 1099,PI040298AD5I211178,2018-09-08 22:10:53,-1.0,0.1,12.65,15.61
Flower power 1099,PI040298AD5I211178,2018-09-08 22:25:53,-1.0,0.1,12.91,15.45
Flower power 1099,PI040298AD5I211178,2018-09-08 22:40:53,-1.0,0.1,13.04,14.97
Flower power 1099,PI040298AD5I211178,2018-09-08 22:55:53,-1.0,0.1,13.04,14.81
Flower power 1099,PI040298AD5I211178,2018-09-08 23:10:53,-1.0,0.1,12.91,14.6
Flower power 1099,PI040298AD5I211178,2018-09-08 23:25:53,-1.0,0.1,12.78,14.54
Flower power 1099,PI040298AD5I211178,2018-09-08 23:40:53,-1.0,0.1,13.04,14.49
Flower power 1099,PI040298AD5I211178,2018-09-08 23:55:53,-1.0,0.1,13.04,14.87
Flower power 1099,PI040298AD5I211178,2018-09-09 00:10:53,-1.0,0.1,12.65,14.6
Flower power 1099,PI040298AD5I211178,2018-09-09 00:25:53,-1.0,0.1,13.04,15.56
Flower power 1099,PI040298AD5I211178,2018-09-09 00:40:53,-1.0,0.1,12.91,16.45
Flower power 1099,PI040298AD5I211178,2018-09-09 00:55:53,-1.0,0.1,13.04,15.19
Flower power 1099,PI040298AD5I211178,2018-09-09 01:10:53,-1.0,0.1,12.78,14.7
Flower power 1099,PI040298AD5I211178,2018-09-09 01:25:53,-1.0,0.1,12.91,14.43
Flower power 1099,PI040298AD5I211178,2018-09-09 01:40:53,-1.0,0.1,12.78,14.38
Flower power 1099,PI040298AD5I211178,2018-09-09 01:55:53,-1.0,0.1,12.78,14.11
Flower power 1099,PI040298AD5I211178,2018-09-09 02:10:53,-1.0,0.1,12.91,14.05
Flower power 1099,PI040298AD5I211178,2018-09-09 02:25:53,-1.0,0.1,13.04,14.11
Flower power 1099,PI040298AD5I211178,2018-09-09 02:40:53,-1.0,0.1,13.04,13.89
Flower power 1099,PI040298AD5I211178,2018-09-09 02:55:53,-1.0,0.1,12.65,13.56
Flower power 1099,PI040298AD5I211178,2018-09-09 03:10:53,-1.0,0.1,12.91,13.23
Flower power 1099,PI040298AD5I211178,2018-09-09 03:25:53,-1.0,0.1,12.78,12.95
Flower power 1099,PI040298AD5I211178,2018-09-09 03:40:53,-1.0,0.1,12.91,13.06
Flower power 1099,PI040298AD5I211178,2018-09-09 03:55:53,-1.0,0.1,13.04,13.56
Flower power 1099,PI040298AD5I211178,2018-09-09 04:10:53,-1.0,0.1,12.52,13.34
Flower power 1099,PI040298AD5I211178,2018-09-09 04:25:53,-1.0,0.1,12.52,13.23
Flower power 1099,PI040298AD5I211178,2018-09-09 04:40:53,-1.0,0.1,12.65,13.34
Flower power 1099,PI040298AD5I211178,2018-09-09 04:55:53,-1.0,0.1,12.91,12.9
Flower power 1099,PI040298AD5I211178,2018-09-09 05:10:53,-1.0,0.1,12.78,13.12
Flower power 1099,PI040298AD5I211178,2018-09-09 05:25:53,-1.0,0.1,12.4,13.17
Flower power 1099,PI040298AD5I211178,2018-09-09 05:40:53,-1.0,0.1,12.4,12.62
Flower power 1099,PI040298AD5I211178,2018-09-09 05:55:53,-1.0,0.1,13.04,12.22
Flower power 1099,PI040298AD5I211178,2018-09-09 06:10:53,-1.0,0.57,12.78,12.22
Flower power 1099,PI040298AD5I211178,2018-09-09 06:25:53,-1.0,2.15,12.52,12.84
Flower power 1099,PI040298AD5I211178,2018-09-09 06:40:53,-1.0,4.23,12.91,13.62
Flower power 1099,PI040298AD5I211178,2018-09-09 06:55:53,-1.0,6.29,12.65,14.92
Flower power 1099,PI040298AD5I211178,2018-09-09 07:10:53,-1.0,7.89,12.4,15.66
Flower power 1099,PI040298AD5I211178,2018-09-09 07:25:53,-1.0,9.81,12.52,16.66
Flower power 1099,PI040298AD5I211178,2018-09-09 07:40:53,-1.0,22.8,12.65,21.03
Flower power 1099,PI040298AD5I211178,2018-09-09 07:55:53,-1.0,49.05,12.65,24.38
Flower power 1099,PI040298AD5I211178,2018-09-09 08:10:53,-1.0,43.76,12.65,25.83
Flower power 1099,PI040298AD5I211178,2018-09-09 08:25:53,-1.0,58.28,12.52,28.73
Flower power 1099,PI040298AD5I211178,2018-09-09 08:40:53,-1.0,41.77,12.91,31.87
Flower power 1099,PI040298AD5I211178,2018-09-09 08:55:53,-1.0,64.48,12.65,34.14
Flower power 1099,PI040298AD5I211178,2018-09-09 09:10:53,-1.0,91.67,12.65,37.47
Flower power 1099,PI040298AD5I211178,2018-09-09 09:25:53,-1.0,108.59,12.91,39.65
Flower power 1099,PI040298AD5I211178,2018-09-09 09:40:53,-1.0,118.21,12.52,42.26
Flower power 1099,PI040298AD5I211178,2018-09-09 09:55:53,-1.0,126.58,12.78,43.18
Flower power 1099,PI040298AD5I211178,2018-09-09 10:10:53,-1.0,134.49,13.04,44.48
Flower power 1099,PI040298AD5I211178,2018-09-09 10:25:53,-1.0,136.19,12.52,45.98
Flower power 1099,PI040298AD5I211178,2018-09-09 10:40:53,-1.0,100.38,12.91,44.59
Flower power 1099,PI040298AD5I211178,2018-09-09 10:55:53,-1.0,59.98,12.65,41.76
Flower power 1099,PI040298AD5I211178,2018-09-09 11:10:53,-1.0,145.35,12.91,44.06
Flower power 1099,PI040298AD5I211178,2018-09-09 11:25:53,-1.0,149.36,13.16,48.43
Flower power 1099,PI040298AD5I211178,2018-09-09 11:40:53,-1.0,151.44,12.65,50.3
Flower power 1099,PI040298AD5I211178,2018-09-09 11:55:53,-1.0,151.44,13.04,51.32
Flower power 1099,PI040298AD5I211178,2018-09-09 12:10:53,-1.0,151.44,13.04,51.2
Flower power 1099,PI040298AD5I211178,2018-09-09 12:25:53,-1.0,160.38,12.91,50.3
Flower power 1099,PI040298AD5I211178,2018-09-09 12:40:53,-1.0,132.84,13.04,49.12
Flower power 1099,PI040298AD5I211178,2018-09-09 12:55:53,-1.0,151.44,13.16,47.92
Flower power 1099,PI040298AD5I211178,2018-09-09 13:10:53,-1.0,149.36,13.16,49.94
Flower power 1099,PI040298AD5I211178,2018-09-09 13:25:53,-1.0,120.88,13.29,50.36
Flower power 1099,PI040298AD5I211178,2018-09-09 13:40:53,-1.0,137.93,13.29,45.49
Flower power 1099,PI040298AD5I211178,2018-09-09 13:55:53,-1.0,129.64,13.29,47.58
Flower power 1099,PI040298AD5I211178,2018-09-09 14:10:53,-1.0,42.29,13.16,41.46
Flower power 1099,PI040298AD5I211178,2018-09-09 14:25:53,-1.0,96.71,13.29,43.8
Flower power 1099,PI040298AD5I211178,2018-09-09 14:40:53,-1.0,101.34,13.29,43.49
Flower power 1099,PI040298AD5I211178,2018-09-09 14:55:53,-1.0,103.31,13.42,43.64
Flower power 1099,PI040298AD5I211178,2018-09-09 15:10:53,-1.0,89.34,13.04,40.57
Flower power 1099,PI040298AD5I211178,2018-09-09 15:25:53,-1.0,84.32,12.91,40.92
Flower power 1099,PI040298AD5I211178,2018-09-09 15:40:53,-1.0,82.34,13.16,41.12
Flower power 1099,PI040298AD5I211178,2018-09-09 15:55:53,-1.0,72.1,13.29,39.8
Flower power 1099,PI040298AD5I211178,2018-09-09 16:10:53,-1.0,65.29,12.91,36.69
Flower power 1099,PI040298AD5I211178,2018-09-09 16:25:53,-1.0,44.14,13.29,35.86
Flower power 1099,PI040298AD5I211178,2018-09-09 16:40:53,-1.0,43.2,12.91,35.22
Flower power 1099,PI040298AD5I211178,2018-09-09 16:55:53,-1.0,28.1,13.29,32.13
Flower power 1099,PI040298AD5I211178,2018-09-09 17:10:53,-1.0,15.25,13.42,29.22
Flower power 1099,PI040298AD5I211178,2018-09-09 17:25:53,-1.0,17.57,13.42,28.51
Flower power 1099,PI040298AD5I211178,2018-09-09 17:40:53,-1.0,11.21,12.91,27.62
Flower power 1099,PI040298AD5I211178,2018-09-09 17:55:53,-1.0,8.18,13.04,25.65
Flower power 1099,PI040298AD5I211178,2018-09-09 18:10:53,-1.0,6.17,13.16,24.84
Flower power 1099,PI040298AD5I211178,2018-09-09 18:25:53,-1.0,3.71,13.42,24.2
Flower power 1099,PI040298AD5I211178,2018-09-09 18:40:53,-1.0,1.57,12.91,23.7
Flower power 1099,PI040298AD5I211178,2018-09-09 18:55:53,-1.0,0.31,13.16,23.0
Flower power 1099,PI040298AD5I211178,2018-09-09 19:10:53,-1.0,0.1,12.91,22.63
Flower power 1099,PI040298AD5I211178,2018-09-09 19:25:53,-1.0,0.1,12.78,22.02
Flower power 1099,PI040298AD5I211178,2018-09-09 19:40:53,-1.0,0.1,13.16,22.86
Flower power 1099,PI040298AD5I211178,2018-09-09 19:55:53,-1.0,0.1,12.78,22.72
Flower power 1099,PI040298AD5I211178,2018-09-09 20:10:53,-1.0,0.1,13.16,21.97
Flower power 1099,PI040298AD5I211178,2018-09-09 20:25:53,-1.0,0.1,13.16,22.58
Flower power 1099,PI040298AD5I211178,2018-09-09 20:40:53,-1.0,0.1,13.16,23.1
Flower power 1099,PI040298AD5I211178,2018-09-09 20:55:53,-1.0,0.1,13.29,23.65
Flower power 1099,PI040298AD5I211178,2018-09-09 21:10:53,-1.0,0.1,12.65,23.28
Flower power 1099,PI040298AD5I211178,2018-09-09 21:25:53,-1.0,0.1,12.78,23.56
Flower power 1099,PI040298AD5I211178,2018-09-09 21:40:53,-1.0,0.1,13.29,22.96
Flower power 1099,PI040298AD5I211178,2018-09-09 21:55:53,-1.0,0.1,13.04,22.49
Flower power 1099,PI040298AD5I211178,2018-09-09 22:10:53,-1.0,0.1,12.78,21.36
Flower power 1099,PI040298AD5I211178,2018-09-09 22:25:53,-1.0,0.1,13.16,20.59
Flower power 1099,PI040298AD5I211178,2018-09-09 22:40:53,-1.0,0.1,13.16,20.5
Flower power 1099,PI040298AD5I211178,2018-09-09 22:55:53,-1.0,0.1,13.04,19.23
Flower power 1099,PI040298AD5I211178,2018-09-09 23:10:53,-1.0,0.1,12.78,19.48
Flower power 1099,PI040298AD5I211178,2018-09-09 23:25:53,-1.0,0.1,13.16,19.53
Flower power 1099,PI040298AD5I211178,2018-09-09 23:40:53,-1.0,0.1,13.04,19.96
Flower power 1099,PI040298AD5I211178,2018-09-09 23:55:53,-1.0,0.1,12.65,19.87
Flower power 1099,PI040298AD5I211178,2018-09-10 00:10:53,-1.0,0.1,12.91,19.72
Flower power 1099,PI040298AD5I211178,2018-09-10 00:25:53,-1.0,0.1,13.04,19.57
Flower power 1099,PI040298AD5I211178,2018-09-10 00:40:53,-1.0,0.1,12.65,18.98
Flower power 1099,PI040298AD5I211178,2018-09-10 00:55:53,-1.0,0.1,12.91,18.49
Flower power 1099,PI040298AD5I211178,2018-09-10 01:10:53,-1.0,0.1,12.65,17.73
Flower power 1099,PI040298AD5I211178,2018-09-10 01:25:53,-1.0,0.1,12.52,17.63
Flower power 1099,PI040298AD5I211178,2018-09-10 01:40:53,-1.0,0.1,12.91,18.03
Flower power 1099,PI040298AD5I211178,2018-09-10 01:55:53,-1.0,0.1,13.04,17.53
Flower power 1099,PI040298AD5I211178,2018-09-10 02:10:53,-1.0,0.1,12.65,17.58
Flower power 1099,PI040298AD5I211178,2018-09-10 02:25:53,-1.0,0.1,12.91,17.17
Flower power 1099,PI040298AD5I211178,2018-09-10 02:40:53,-1.0,0.1,13.04,17.12
Flower power 1099,PI040298AD5I211178,2018-09-10 02:55:53,-1.0,0.1,13.04,16.45
Flower power 1099,PI040298AD5I211178,2018-09-10 03:10:53,-1.0,0.1,12.91,16.24
Flower power 1099,PI040298AD5I211178,2018-09-10 03:25:53,-1.0,0.1,13.04,16.14
Flower power 1099,PI040298AD5I211178,2018-09-10 03:40:53,-1.0,0.1,12.65,16.19
Flower power 1099,PI040298AD5I211178,2018-09-10 03:55:53,-1.0,0.1,12.65,16.14
Flower power 1099,PI040298AD5I211178,2018-09-10 04:10:53,-1.0,0.1,13.04,16.29
Flower power 1099,PI040298AD5I211178,2018-09-10 04:25:53,-1.0,0.1,13.04,16.34
Flower power 1099,PI040298AD5I211178,2018-09-10 04:40:53,-1.0,0.1,12.65,16.5
Flower power 1099,PI040298AD5I211178,2018-09-10 04:55:53,-1.0,0.1,12.91,16.6
Flower power 1099,PI040298AD5I211178,2018-09-10 05:10:53,-1.0,0.1,12.78,16.5
Flower power 1099,PI040298AD5I211178,2018-09-10 05:25:53,-1.0,0.1,12.78,16.24
Flower power 1099,PI040298AD5I211178,2018-09-10 05:40:53,-1.0,0.1,12.65,16.08
Flower power 1099,PI040298AD5I211178,2018-09-10 05:55:53,-1.0,0.1,12.78,16.08
Flower power 1099,PI040298AD5I211178,2018-09-10 06:10:53,-1.0,0.54,12.65,16.08
Flower power 1099,PI040298AD5I211178,2018-09-10 06:25:53,-1.0,2.11,13.04,16.45
Flower power 1099,PI040298AD5I211178,2018-09-10 06:40:53,-1.0,4.16,12.78,16.91
Flower power 1099,PI040298AD5I211178,2018-09-10 06:55:53,-1.0,5.98,12.4,17.93
Flower power 1099,PI040298AD5I211178,2018-09-10 07:10:53,-1.0,7.42,12.91,19.03
Flower power 1099,PI040298AD5I211178,2018-09-10 07:25:53,-1.0,11.73,13.04,20.35
Flower power 1099,PI040298AD5I211178,2018-09-10 07:40:53,-1.0,15.57,12.65,26.55
Flower power 1099,PI040298AD5I211178,2018-09-10 07:55:53,-1.0,36.33,12.65,28.24
Flower power 1099,PI040298AD5I211178,2018-09-10 08:10:53,-1.0,39.79,13.04,30.41
Flower power 1099,PI040298AD5I211178,2018-09-10 08:25:53,-1.0,47.45,13.04,32.93
Flower power 1099,PI040298AD5I211178,2018-09-10 08:40:53,-1.0,56.67,12.65,35.18
Flower power 1099,PI040298AD5I211178,2018-09-10 08:55:53,-1.0,85.01,12.52,37.47
Flower power 1099,PI040298AD5I211178,2018-09-10 09:10:53,-1.0,88.59,12.91,39.36
Flower power 1099,PI040298AD5I211178,2018-09-10 09:25:53,-1.0,107.49,12.52,42.36
Flower power 1099,PI040298AD5I211178,2018-09-10 09:40:53,-1.0,118.21,12.78,44.11
Flower power 1099,PI040298AD5I211178,2018-09-10 09:55:53,-1.0,126.58,12.91,45.76
Flower power 1099,PI040298AD5I211178,2018-09-10 10:10:53,-1.0,134.49,12.91,45.98
Flower power 1099,PI040298AD5I211178,2018-09-10 10:25:53,-1.0,137.93,12.65,46.69
Flower power 1099,PI040298AD5I211178,2018-09-10 10:40:53,-1.0,141.55,13.04,46.09
Flower power 1099,PI040298AD5I211178,2018-09-10 10:55:53,-1.0,46.36,13.16,41.16
Flower power 1099,PI040298AD5I211178,2018-09-10 11:10:53,-1.0,76.89,12.91,43.64
Flower power 1099,PI040298AD5I211178,2018-09-10 11:25:53,-1.0,151.44,12.91,48.6
Flower power 1099,PI040298AD5I211178,2018-09-10 11:40:53,-1.0,151.44,12.91,51.14
Flower power 1099,PI040298AD5I211178,2018-09-10 11:55:53,-1.0,153.59,13.16,52.55
Flower power 1099,PI040298AD5I211178,2018-09-10 12:10:53,-1.0,153.59,12.91,53.43
Flower power 1099,PI040298AD5I211178,2018-09-10 12:25:53,-1.0,153.59,13.04,53.81
Flower power 1099,PI040298AD5I211178,2018-09-10 12:40:53,-1.0,151.44,13.42,51.2
Flower power 1099,PI040298AD5I211178,2018-09-10 12:55:53,-1.0,149.36,13.16,52.61
Flower power 1099,PI040298AD5I211178,2018-09-10 13:10:53,-1.0,145.35,13.04,53.94
Flower power 1099,PI040298AD5I211178,2018-09-10 13:25:53,-1.0,141.55,13.42,53.49
Flower power 1099,PI040298AD5I211178,2018-09-10 13:40:53,-1.0,136.19,13.42,54.14
Flower power 1099,PI040298AD5I211178,2018-09-10 13:55:53,-1.0,132.84,13.42,53.94
Flower power 1099,PI040298AD5I211178,2018-09-10 14:10:53,-1.0,82.34,13.16,50.77
Flower power 1099,PI040298AD5I211178,2018-09-10 14:25:53,-1.0,118.21,13.55,49.24
Flower power 1099,PI040298AD5I211178,2018-09-10 14:40:53,-1.0,115.65,13.29,51.5
Flower power 1099,PI040298AD5I211178,2018-09-10 14:55:53,-1.0,106.41,13.42,49.94
Flower power 1099,PI040298AD5I211178,2018-09-10 15:10:53,-1.0,87.12,13.29,46.47
Flower power 1099,PI040298AD5I211178,2018-09-10 15:25:53,-1.0,72.6,13.42,47.36
Flower power 1099,PI040298AD5I211178,2018-09-10 15:40:53,-1.0,81.7,13.55,48.54
Flower power 1099,PI040298AD5I211178,2018-09-10 15:55:53,-1.0,77.46,13.42,48.89
Flower power 1099,PI040298AD5I211178,2018-09-10 16:10:53,-1.0,71.11,13.42,46.97
Flower power 1099,PI040298AD5I211178,2018-09-10 16:25:53,-1.0,62.15,13.42,43.9
Flower power 1099,PI040298AD5I211178,2018-09-10 16:40:53,-1.0,39.63,13.16,41.36
Flower power 1099,PI040298AD5I211178,2018-09-10 16:55:53,-1.0,25.81,13.42,39.22
Flower power 1099,PI040298AD5I211178,2018-09-10 17:10:53,-1.0,17.48,13.16,35.4
Flower power 1099,PI040298AD5I211178,2018-09-10 17:25:53,-1.0,14.03,13.04,34.23
Flower power 1099,PI040298AD5I211178,2018-09-10 17:40:53,-1.0,10.54,13.29,32.58
Flower power 1099,PI040298AD5I211178,2018-09-10 17:55:53,-1.0,7.89,13.29,30.28
Flower power 1099,PI040298AD5I211178,2018-09-10 18:10:53,-1.0,6.01,13.29,28.95
Flower power 1099,PI040298AD5I211178,2018-09-10 18:25:53,-1.0,3.6,13.29,27.62
Flower power 1099,PI040298AD5I211178,2018-09-10 18:40:53,-1.0,1.45,13.29,26.42
Flower power 1099,PI040298AD5I211178,2018-09-10 18:55:53,-1.0,0.25,13.04,24.57
Flower power 1099,PI040298AD5I211178,2018-09-10 19:10:53,-1.0,0.1,13.04,24.06
Flower power 1099,PI040298AD5I211178,2018-09-10 19:25:53,-1.0,0.1,13.16,25.65
Flower power 1099,PI040298AD5I211178,2018-09-10 19:40:53,-1.0,0.1,13.04,25.7
Flower power 1099,PI040298AD5I211178,2018-09-10 19:55:53,-1.0,0.1,12.91,25.43
Flower power 1099,PI040298AD5I211178,2018-09-10 20:10:53,-1.0,0.1,12.91,24.57
Flower power 1099,PI040298AD5I211178,2018-09-10 20:25:53,-1.0,0.1,13.29,22.77
Flower power 1099,PI040298AD5I211178,2018-09-10 20:40:53,-1.0,0.1,13.29,22.21
Flower power 1099,PI040298AD5I211178,2018-09-10 20:55:53,-1.0,0.1,12.78,21.31
Flower power 1099,PI040298AD5I211178,2018-09-10 21:10:53,-1.0,0.1,13.04,20.98
Flower power 1099,PI040298AD5I211178,2018-09-10 21:25:53,-1.0,0.1,13.04,20.4
Flower power 1099,PI040298AD5I211178,2018-09-10 21:40:53,-1.0,0.1,12.91,20.4
Flower power 1099,PI040298AD5I211178,2018-09-10 21:55:53,-1.0,0.1,13.04,20.06
Flower power 1099,PI040298AD5I211178,2018-09-10 22:10:53,-1.0,0.1,12.78,19.82
Flower power 1099,PI040298AD5I211178,2018-09-10 22:25:53,-1.0,0.1,12.91,19.62
Flower power 1099,PI040298AD5I211178,2018-09-10 22:40:53,-1.0,0.1,13.04,19.28
Flower power 1099,PI040298AD5I211178,2018-09-10 22:55:53,-1.0,0.1,13.04,19.08
Flower power 1099,PI040298AD5I211178,2018-09-10 23:10:53,-1.0,0.1,13.04,18.88
Flower power 1099,PI040298AD5I211178,2018-09-10 23:25:53,-1.0,0.1,13.04,20.16
Flower power 1099,PI040298AD5I211178,2018-09-10 23:40:53,-1.0,0.1,13.04,19.96
Flower power 1099,PI040298AD5I211178,2018-09-10 23:55:53,-1.0,0.1,13.04,19.13
Flower power 1099,PI040298AD5I211178,2018-09-11 00:10:53,-1.0,0.1,12.78,18.39
Flower power 1099,PI040298AD5I211178,2018-09-11 00:25:53,-1.0,0.1,13.04,18.13
Flower power 1099,PI040298AD5I211178,2018-09-11 00:40:53,-1.0,0.1,13.04,18.24
Flower power 1099,PI040298AD5I211178,2018-09-11 00:55:53,-1.0,0.1,13.16,18.13
Flower power 1099,PI040298AD5I211178,2018-09-11 01:10:53,-1.0,0.1,12.91,18.08
Flower power 1099,PI040298AD5I211178,2018-09-11 01:25:53,-1.0,0.1,13.04,18.19
Flower power 1099,PI040298AD5I211178,2018-09-11 01:40:53,-1.0,0.1,12.91,18.03
Flower power 1099,PI040298AD5I211178,2018-09-11 01:55:53,-1.0,0.1,12.52,18.29
Flower power 1099,PI040298AD5I211178,2018-09-11 02:10:53,-1.0,0.1,12.65,17.93
Flower power 1099,PI040298AD5I211178,2018-09-11 02:25:53,-1.0,0.1,13.04,17.88
Flower power 1099,PI040298AD5I211178,2018-09-11 02:40:53,-1.0,0.1,12.78,17.88
Flower power 1099,PI040298AD5I211178,2018-09-11 02:55:53,-1.0,0.1,12.91,17.98
Flower power 1099,PI040298AD5I211178,2018-09-11 03:10:53,-1.0,0.1,12.65,18.24
Flower power 1099,PI040298AD5I211178,2018-09-11 03:25:53,-1.0,0.1,13.04,18.34
Flower power 1099,PI040298AD5I211178,2018-09-11 03:40:53,-1.0,0.1,12.78,18.44
Flower power 1099,PI040298AD5I211178,2018-09-11 03:55:53,-1.0,0.1,13.04,18.13
Flower power 1099,PI040298AD5I211178,2018-09-11 04:10:53,-1.0,0.1,12.91,18.24
Flower power 1099,PI040298AD5I211178,2018-09-11 04:25:53,-1.0,0.1,12.65,18.19
Flower power 1099,PI040298AD5I211178,2018-09-11 04:40:53,-1.0,0.1,13.04,18.03
Flower power 1099,PI040298AD5I211178,2018-09-11 04:55:53,-1.0,0.1,12.91,17.88
Flower power 1099,PI040298AD5I211178,2018-09-11 05:10:53,-1.0,0.1,13.04,18.19
Flower power 1099,PI040298AD5I211178,2018-09-11 05:25:53,-1.0,0.1,12.91,18.24
Flower power 1099,PI040298AD5I211178,2018-09-11 05:40:53,-1.0,0.1,12.78,17.88
Flower power 1099,PI040298AD5I211178,2018-09-11 05:55:53,-1.0,0.1,12.52,17.78
Flower power 1099,PI040298AD5I211178,2018-09-11 06:10:53,-1.0,0.49,12.78,18.03
Flower power 1099,PI040298AD5I211178,2018-09-11 06:25:53,-1.0,2.04,12.78,18.54
Flower power 1099,PI040298AD5I211178,2018-09-11 06:40:53,-1.0,4.09,12.4,19.53
Flower power 1099,PI040298AD5I211178,2018-09-11 06:55:53,-1.0,5.9,12.65,20.3
Flower power 1099,PI040298AD5I211178,2018-09-11 07:10:53,-1.0,7.33,12.91,21.22
Flower power 1099,PI040298AD5I211178,2018-09-11 07:25:53,-1.0,10.48,12.52,22.21
Flower power 1099,PI040298AD5I211178,2018-09-11 07:40:53,-1.0,11.84,12.91,28.11
Flower power 1099,PI040298AD5I211178,2018-09-11 07:55:53,-1.0,24.1,13.04,29.61
Flower power 1099,PI040298AD5I211178,2018-09-11 08:10:53,-1.0,44.53,12.52,32.04
Flower power 1099,PI040298AD5I211178,2018-09-11 08:25:53,-1.0,41.42,12.52,34.45
Flower power 1099,PI040298AD5I211178,2018-09-11 08:40:53,-1.0,55.44,12.65,35.72
Flower power 1099,PI040298AD5I211178,2018-09-11 08:55:53,-1.0,71.6,12.91,37.33
Flower power 1099,PI040298AD5I211178,2018-09-11 09:10:53,-1.0,89.34,13.04,40.53
Flower power 1099,PI040298AD5I211178,2018-09-11 09:25:53,-1.0,105.36,12.91,43.18
Flower power 1099,PI040298AD5I211178,2018-09-11 09:40:53,-1.0,115.65,12.78,44.32
Flower power 1099,PI040298AD5I211178,2018-09-11 09:55:53,-1.0,125.11,12.78,45.6
Flower power 1099,PI040298AD5I211178,2018-09-11 10:10:53,-1.0,131.22,13.16,46.36
Flower power 1099,PI040298AD5I211178,2018-09-11 10:25:53,-1.0,134.49,12.78,46.63
Flower power 1099,PI040298AD5I211178,2018-09-11 10:40:53,-1.0,137.93,12.65,46.69
Flower power 1099,PI040298AD5I211178,2018-09-11 10:55:53,-1.0,62.91,13.16,43.8
Flower power 1099,PI040298AD5I211178,2018-09-11 11:10:53,-1.0,55.44,13.29,46.03
Flower power 1099,PI040298AD5I211178,2018-09-11 11:25:53,-1.0,147.33,13.29,50.18
Flower power 1099,PI040298AD5I211178,2018-09-11 11:40:53,-1.0,149.36,12.91,50.53
Flower power 1099,PI040298AD5I211178,2018-09-11 11:55:53,-1.0,151.44,13.29,52.93
Flower power 1099,PI040298AD5I211178,2018-09-11 12:10:53,-1.0,151.44,13.29,52.36
Flower power 1099,PI040298AD5I211178,2018-09-11 12:25:53,-1.0,151.44,13.16,50.95
Flower power 1099,PI040298AD5I211178,2018-09-11 12:40:53,-1.0,147.33,13.04,48.66
Flower power 1099,PI040298AD5I211178,2018-09-11 12:55:53,-1.0,145.35,13.42,48.83
Flower power 1099,PI040298AD5I211178,2018-09-11 13:10:53,-1.0,143.43,13.42,51.2
Flower power 1099,PI040298AD5I211178,2018-09-11 13:25:53,-1.0,136.19,13.29,50.77
Flower power 1099,PI040298AD5I211178,2018-09-11 13:40:53,-1.0,132.84,13.16,51.44
Flower power 1099,PI040298AD5I211178,2018-09-11 13:55:53,-1.0,126.58,13.04,52.11
Flower power 1099,PI040298AD5I211178,2018-09-11 14:10:53,-1.0,126.58,13.04,51.81
Flower power 1099,PI040298AD5I211178,2018-09-11 14:25:53,-1.0,30.44,13.29,46.36
Flower power 1099,PI040298AD5I211178,2018-09-11 14:40:53,-1.0,112.01,13.29,49.24
Flower power 1099,PI040298AD5I211178,2018-09-11 14:55:53,-1.0,102.31,13.42,48.72
Flower power 1099,PI040298AD5I211178,2018-09-11 15:10:53,-1.0,94.97,13.16,45.12
Flower power 1099,PI040298AD5I211178,2018-09-11 15:25:53,-1.0,59.63,13.16,41.02
Flower power 1099,PI040298AD5I211178,2018-09-11 15:40:53,-1.0,80.44,13.04,48.37
Flower power 1099,PI040298AD5I211178,2018-09-11 15:55:53,-1.0,73.11,13.42,48.09
Flower power 1099,PI040298AD5I211178,2018-09-11 16:10:53,-1.0,70.63,13.55,46.2
Flower power 1099,PI040298AD5I211178,2018-09-11 16:25:53,-1.0,51.02,13.29,41.86
Flower power 1099,PI040298AD5I211178,2018-09-11 16:40:53,-1.0,38.71,13.55,40.92
Flower power 1099,PI040298AD5I211178,2018-09-11 16:55:53,-1.0,21.68,13.04,38.41
Flower power 1099,PI040298AD5I211178,2018-09-11 17:10:53,-1.0,18.74,13.29,35.77
Flower power 1099,PI040298AD5I211178,2018-09-11 17:25:53,-1.0,13.12,12.91,34.45
Flower power 1099,PI040298AD5I211178,2018-09-11 17:40:53,-1.0,10.8,13.42,32.44
Flower power 1099,PI040298AD5I211178,2018-09-11 17:55:53,-1.0,7.45,13.42,29.88
Flower power 1099,PI040298AD5I211178,2018-09-11 18:10:53,-1.0,5.38,13.55,28.82
Flower power 1099,PI040298AD5I211178,2018-09-11 18:25:53,-1.0,3.25,13.16,27.93
Flower power 1099,PI040298AD5I211178,2018-09-11 18:40:53,-1.0,1.23,13.29,26.95
Flower power 1099,PI040298AD5I211178,2018-09-11 18:55:53,-1.0,0.2,12.91,25.83
Flower power 1099,PI040298AD5I211178,2018-09-11 19:10:53,-1.0,0.1,13.42,25.38
Flower power 1099,PI040298AD5I211178,2018-09-11 19:25:53,-1.0,0.1,13.16,24.57
Flower power 1099,PI040298AD5I211178,2018-09-11 19:40:53,-1.0,0.1,13.42,24.38
Flower power 1099,PI040298AD5I211178,2018-09-11 19:55:53,-1.0,0.1,13.16,24.29
Flower power 1099,PI040298AD5I211178,2018-09-11 20:10:53,-1.0,0.1,13.16,24.02
Flower power 1099,PI040298AD5I211178,2018-09-11 20:25:53,-1.0,0.1,13.16,24.11
Flower power 1099,PI040298AD5I211178,2018-09-11 20:40:53,-1.0,0.1,13.16,23.65
Flower power 1099,PI040298AD5I211178,2018-09-11 20:55:53,-1.0,0.1,13.29,23.24
Flower power 1099,PI040298AD5I211178,2018-09-11 21:10:53,-1.0,0.1,13.04,23.1
Flower power 1099,PI040298AD5I211178,2018-09-11 21:25:53,-1.0,0.1,12.78,23.33
Flower power 1099,PI040298AD5I211178,2018-09-11 21:40:53,-1.0,0.1,13.16,22.72
Flower power 1099,PI040298AD5I211178,2018-09-11 21:55:53,-1.0,0.1,13.04,22.44
Flower power 1099,PI040298AD5I211178,2018-09-11 22:10:53,-1.0,0.1,12.78,22.3
Flower power 1099,PI040298AD5I211178,2018-09-11 22:25:53,-1.0,0.1,12.91,22.21
Flower power 1099,PI040298AD5I211178,2018-09-11 22:40:53,-1.0,0.1,13.04,21.88
Flower power 1099,PI040298AD5I211178,2018-09-11 22:55:53,-1.0,0.1,13.04,21.69
Flower power 1099,PI040298AD5I211178,2018-09-11 23:10:53,-1.0,0.1,13.04,21.5
Flower power 1099,PI040298AD5I211178,2018-09-11 23:25:53,-1.0,0.1,12.91,21.03
Flower power 1099,PI040298AD5I211178,2018-09-11 23:40:53,-1.0,0.1,13.04,21.45
Flower power 1099,PI040298AD5I211178,2018-09-11 23:55:53,-1.0,0.1,12.91,21.31
Flower power 1099,PI040298AD5I211178,2018-09-12 00:10:53,-1.0,0.1,13.16,21.17
Flower power 1099,PI040298AD5I211178,2018-09-12 00:25:53,-1.0,0.1,13.16,20.64
Flower power 1099,PI040298AD5I211178,2018-09-12 00:40:53,-1.0,0.1,13.04,20.35
Flower power 1099,PI040298AD5I211178,2018-09-12 00:55:53,-1.0,0.1,12.78,19.96
Flower power 1099,PI040298AD5I211178,2018-09-12 01:10:53,-1.0,0.1,13.04,19.38
Flower power 1099,PI040298AD5I211178,2018-09-12 01:25:53,-1.0,0.1,13.16,18.93
Flower power 1099,PI040298AD5I211178,2018-09-12 01:40:53,-1.0,0.1,13.04,18.64
Flower power 1099,PI040298AD5I211178,2018-09-12 01:55:53,-1.0,0.1,13.04,18.49
Flower power 1099,PI040298AD5I211178,2018-09-12 02:10:53,-1.0,0.1,12.91,18.34
Flower power 1099,PI040298AD5I211178,2018-09-12 02:25:53,-1.0,0.1,12.52,18.19
Flower power 1099,PI040298AD5I211178,2018-09-12 02:40:53,-1.0,0.1,12.52,18.13
Flower power 1099,PI040298AD5I211178,2018-09-12 02:55:53,-1.0,0.1,12.91,18.03
Flower power 1099,PI040298AD5I211178,2018-09-12 03:10:53,-1.0,0.1,12.78,18.03
Flower power 1099,PI040298AD5I211178,2018-09-12 03:25:53,-1.0,0.1,12.65,18.03
Flower power 1099,PI040298AD5I211178,2018-09-12 03:40:53,-1.0,0.1,12.78,18.19
Flower power 1099,PI040298AD5I211178,2018-09-12 03:55:53,-1.0,0.1,12.91,18.59
Flower power 1099,PI040298AD5I211178,2018-09-12 04:10:53,-1.0,0.1,12.78,18.49
Flower power 1099,PI040298AD5I211178,2018-09-12 04:25:53,-1.0,0.1,13.04,17.88
Flower power 1099,PI040298AD5I211178,2018-09-12 04:40:53,-1.0,0.1,12.65,17.58
Flower power 1099,PI040298AD5I211178,2018-09-12 04:55:53,-1.0,0.1,13.04,17.68
Flower power 1099,PI040298AD5I211178,2018-09-12 05:10:53,-1.0,0.1,12.91,17.63
Flower power 1099,PI040298AD5I211178,2018-09-12 05:25:53,-1.0,0.1,12.91,17.63
Flower power 1099,PI040298AD5I211178,2018-09-12 05:40:53,-1.0,0.1,12.65,17.73
Flower power 1099,PI040298AD5I211178,2018-09-12 05:55:53,-1.0,0.1,12.52,17.73
Flower power 1099,PI040298AD5I211178,2018-09-12 06:10:53,-1.0,0.45,13.04,17.93
Flower power 1099,PI040298AD5I211178,2018-09-12 06:25:53,-1.0,1.89,12.52,18.24
Flower power 1099,PI040298AD5I211178,2018-09-12 06:40:53,-1.0,4.23,12.91,19.28
Flower power 1099,PI040298AD5I211178,2018-09-12 06:55:53,-1.0,6.71,12.65,20.55
Flower power 1099,PI040298AD5I211178,2018-09-12 07:10:53,-1.0,8.8,12.78,21.83
Flower power 1099,PI040298AD5I211178,2018-09-12 07:25:53,-1.0,12.2,12.91,23.6
Flower power 1099,PI040298AD5I211178,2018-09-12 07:40:53,-1.0,15.7,12.91,27.84
Flower power 1099,PI040298AD5I211178,2018-09-12 07:55:53,-1.0,25.21,12.52,29.3
Flower power 1099,PI040298AD5I211178,2018-09-12 08:10:53,-1.0,53.42,12.65,32.4
Flower power 1099,PI040298AD5I211178,2018-09-12 08:25:53,-1.0,27.94,13.04,34.05
Flower power 1099,PI040298AD5I211178,2018-09-12 08:40:53,-1.0,55.75,12.91,36.18
Flower power 1099,PI040298AD5I211178,2018-09-12 08:55:53,-1.0,45.53,12.52,36.46
Flower power 1099,PI040298AD5I211178,2018-09-12 09:10:53,-1.0,88.59,12.78,40.53
Flower power 1099,PI040298AD5I211178,2018-09-12 09:25:53,-1.0,98.51,12.78,40.82
Flower power 1099,PI040298AD5I211178,2018-09-12 09:40:53,-1.0,107.49,13.16,42.87
Flower power 1099,PI040298AD5I211178,2018-09-12 09:55:53,-1.0,116.91,12.65,45.06
Flower power 1099,PI040298AD5I211178,2018-09-12 10:10:53,-1.0,123.67,12.91,45.55
Flower power 1099,PI040298AD5I211178,2018-09-12 10:25:53,-1.0,129.64,12.78,45.49
Flower power 1099,PI040298AD5I211178,2018-09-12 10:40:53,-1.0,131.22,13.16,45.06
Flower power 1099,PI040298AD5I211178,2018-09-12 10:55:53,-1.0,55.15,13.04,43.8
Flower power 1099,PI040298AD5I211178,2018-09-12 11:10:53,-1.0,57.62,13.29,44.48
Flower power 1099,PI040298AD5I211178,2018-09-12 11:25:53,-1.0,143.43,13.16,47.86
Flower power 1099,PI040298AD5I211178,2018-09-12 11:40:53,-1.0,145.35,13.29,49.0
Flower power 1099,PI040298AD5I211178,2018-09-12 11:55:53,-1.0,145.35,12.78,51.08
Flower power 1099,PI040298AD5I211178,2018-09-12 12:10:53,-1.0,147.33,13.16,51.14
Flower power 1099,PI040298AD5I211178,2018-09-12 12:25:53,-1.0,147.33,13.16,50.24
Flower power 1099,PI040298AD5I211178,2018-09-12 12:40:53,-1.0,123.67,13.04,48.32
Flower power 1099,PI040298AD5I211178,2018-09-12 12:55:53,-1.0,74.69,13.04,49.94
Flower power 1099,PI040298AD5I211178,2018-09-12 13:10:53,-1.0,141.55,13.29,51.26
Flower power 1099,PI040298AD5I211178,2018-09-12 13:25:53,-1.0,94.97,13.42,50.41
Flower power 1099,PI040298AD5I211178,2018-09-12 13:40:53,-1.0,132.84,13.29,51.75
Flower power 1099,PI040298AD5I211178,2018-09-12 13:55:53,-1.0,128.09,13.29,52.36
Flower power 1099,PI040298AD5I211178,2018-09-12 14:10:53,-1.0,112.01,13.16,51.56
Flower power 1099,PI040298AD5I211178,2018-09-12 14:25:53,-1.0,98.51,13.16,45.28
Flower power 1099,PI040298AD5I211178,2018-09-12 14:40:53,-1.0,109.7,13.04,48.83
Flower power 1099,PI040298AD5I211178,2018-09-12 14:55:53,-1.0,100.38,13.04,47.41
Flower power 1099,PI040298AD5I211178,2018-09-12 15:10:53,-1.0,92.48,13.29,43.8
Flower power 1099,PI040298AD5I211178,2018-09-12 15:25:53,-1.0,51.79,13.16,43.33
Flower power 1099,PI040298AD5I211178,2018-09-12 15:40:53,-1.0,79.22,13.29,46.69
Flower power 1099,PI040298AD5I211178,2018-09-12 15:55:53,-1.0,74.69,13.55,46.14
Flower power 1099,PI040298AD5I211178,2018-09-12 16:10:53,-1.0,67.42,13.29,43.7
Flower power 1099,PI040298AD5I211178,2018-09-12 16:25:53,-1.0,52.06,13.04,40.38
Flower power 1099,PI040298AD5I211178,2018-09-12 16:40:53,-1.0,30.44,13.29,38.84
Flower power 1099,PI040298AD5I211178,2018-09-12 16:55:53,-1.0,21.78,13.04,36.78
Flower power 1099,PI040298AD5I211178,2018-09-12 17:10:53,-1.0,19.15,13.42,33.2
Flower power 1099,PI040298AD5I211178,2018-09-12 17:25:53,-1.0,14.75,13.16,32.09
Flower power 1099,PI040298AD5I211178,2018-09-12 17:40:53,-1.0,11.61,13.16,31.73
Flower power 1099,PI040298AD5I211178,2018-09-12 17:55:53,-1.0,7.53,13.29,28.91
Flower power 1099,PI040298AD5I211178,2018-09-12 18:10:53,-1.0,5.23,13.04,27.62
Flower power 1099,PI040298AD5I211178,2018-09-12 18:25:53,-1.0,3.02,12.91,26.51
Flower power 1099,PI040298AD5I211178,2018-09-12 18:40:53,-1.0,1.1,13.42,25.43
Flower power 1099,PI040298AD5I211178,2018-09-12 18:55:53,-1.0,0.16,12.91,24.29
Flower power 1099,PI040298AD5I211178,2018-09-12 19:10:53,-1.0,0.1,13.04,23.56
Flower power 1099,PI040298AD5I211178,2018-09-12 19:25:53,-1.0,0.1,13.16,22.82
Flower power 1099,PI040298AD5I211178,2018-09-12 19:40:53,-1.0,0.1,13.42,22.91
Flower power 1099,PI040298AD5I211178,2018-09-12 19:55:53,-1.0,0.1,13.04,22.77
Flower power 1099,PI040298AD5I211178,2018-09-12 20:10:53,-1.0,0.1,13.16,22.44
Flower power 1099,PI040298AD5I211178,2018-09-12 20:25:53,-1.0,0.1,13.16,21.74
Flower power 1099,PI040298AD5I211178,2018-09-12 20:40:53,-1.0,0.1,12.91,22.07
Flower power 1099,PI040298AD5I211178,2018-09-12 20:55:53,-1.0,0.1,13.29,21.93
Flower power 1099,PI040298AD5I211178,2018-09-12 21:10:53,-1.0,0.1,13.04,20.83
Flower power 1099,PI040298AD5I211178,2018-09-12 21:25:53,-1.0,0.1,13.29,20.59
Flower power 1099,PI040298AD5I211178,2018-09-12 21:40:53,-1.0,0.1,12.91,20.45
Flower power 1099,PI040298AD5I211178,2018-09-12 21:55:53,-1.0,0.1,12.78,20.06
Flower power 1099,PI040298AD5I211178,2018-09-12 22:10:53,-1.0,0.1,12.78,19.96
Flower power 1099,PI040298AD5I211178,2018-09-12 22:25:53,-1.0,0.1,13.29,19.43
Flower power 1099,PI040298AD5I211178,2018-09-12 22:40:53,-1.0,0.1,13.04,19.18
Flower power 1099,PI040298AD5I211178,2018-09-12 22:55:53,-1.0,0.1,13.29,18.88
Flower power 1099,PI040298AD5I211178,2018-09-12 23:10:53,-1.0,0.1,13.04,18.49
Flower power 1099,PI040298AD5I211178,2018-09-12 23:25:53,-1.0,0.1,12.78,18.49
Flower power 1099,PI040298AD5I211178,2018-09-12 23:40:53,-1.0,0.1,12.78,18.54
Flower power 1099,PI040298AD5I211178,2018-09-12 23:55:53,-1.0,0.1,13.04,18.39
Flower power 1099,PI040298AD5I211178,2018-09-13 00:10:53,-1.0,0.1,12.91,18.44
Flower power 1099,PI040298AD5I211178,2018-09-13 00:25:53,-1.0,0.1,12.91,18.29
Flower power 1099,PI040298AD5I211178,2018-09-13 00:40:53,-1.0,0.1,12.91,18.13
Flower power 1099,PI040298AD5I211178,2018-09-13 00:55:53,-1.0,0.1,13.04,18.34
Flower power 1099,PI040298AD5I211178,2018-09-13 01:10:53,-1.0,0.1,13.16,18.34
Flower power 1099,PI040298AD5I211178,2018-09-13 01:25:53,-1.0,0.1,13.04,18.83
Flower power 1099,PI040298AD5I211178,2018-09-13 01:40:53,-1.0,0.1,12.91,18.78
Flower power 1099,PI040298AD5I211178,2018-09-13 01:55:53,-1.0,0.1,12.91,18.64
Flower power 1099,PI040298AD5I211178,2018-09-13 02:10:53,-1.0,0.1,13.16,18.24
Flower power 1099,PI040298AD5I211178,2018-09-13 02:25:53,-1.0,0.1,13.04,18.08
Flower power 1099,PI040298AD5I211178,2018-09-13 02:40:53,-1.0,0.1,12.91,18.49
Flower power 1099,PI040298AD5I211178,2018-09-13 02:55:53,-1.0,0.1,12.65,18.83
Flower power 1099,PI040298AD5I211178,2018-09-13 03:10:53,-1.0,0.1,13.16,18.19
Flower power 1099,PI040298AD5I211178,2018-09-13 03:25:53,-1.0,0.1,12.65,18.64
Flower power 1099,PI040298AD5I211178,2018-09-13 03:40:53,-1.0,0.1,12.78,18.83
Flower power 1099,PI040298AD5I211178,2018-09-13 03:55:53,-1.0,0.1,12.65,18.64
Flower power 1099,PI040298AD5I211178,2018-09-13 04:10:53,-1.0,0.1,12.91,18.19
Flower power 1099,PI040298AD5I211178,2018-09-13 04:25:53,-1.0,0.1,12.91,19.23
Flower power 1099,PI040298AD5I211178,2018-09-13 04:40:53,-1.0,0.1,12.65,19.18
Flower power 1099,PI040298AD5I211178,2018-09-13 04:55:53,-1.0,0.1,12.91,19.23
Flower power 1099,PI040298AD5I211178,2018-09-13 05:10:53,-1.0,0.1,12.78,19.13
Flower power 1099,PI040298AD5I211178,2018-09-13 05:25:53,-1.0,0.1,12.78,19.03
Flower power 1099,PI040298AD5I211178,2018-09-13 05:40:53,-1.0,0.1,12.91,18.54
Flower power 1099,PI040298AD5I211178,2018-09-13 05:55:53,-1.0,0.1,12.91,19.13
Flower power 1099,PI040298AD5I211178,2018-09-13 06:10:53,-1.0,0.39,13.04,19.13
Flower power 1099,PI040298AD5I211178,2018-09-13 06:25:53,-1.0,1.77,13.04,18.44
Flower power 1099,PI040298AD5I211178,2018-09-13 06:40:53,-1.0,4.03,12.65,18.83
Flower power 1099,PI040298AD5I211178,2018-09-13 06:55:53,-1.0,6.38,12.91,19.72
Flower power 1099,PI040298AD5I211178,2018-09-13 07:10:53,-1.0,8.51,13.16,20.21
Flower power 1099,PI040298AD5I211178,2018-09-13 07:25:53,-1.0,14.57,12.65,21.22
Flower power 1099,PI040298AD5I211178,2018-09-13 07:40:53,-1.0,18.21,12.91,23.56
Flower power 1099,PI040298AD5I211178,2018-09-13 07:55:53,-1.0,23.8,13.04,25.83
Flower power 1099,PI040298AD5I211178,2018-09-13 08:10:53,-1.0,46.58,13.04,29.79
Flower power 1099,PI040298AD5I211178,2018-09-13 08:25:53,-1.0,31.4,13.04,32.49
Flower power 1099,PI040298AD5I211178,2018-09-13 08:40:53,-1.0,69.22,13.04,33.78
Flower power 1099,PI040298AD5I211178,2018-09-13 08:55:53,-1.0,49.05,12.91,34.86
Flower power 1099,PI040298AD5I211178,2018-09-13 09:10:53,-1.0,89.34,12.52,39.89
Flower power 1099,PI040298AD5I211178,2018-09-13 09:25:53,-1.0,97.6,12.91,41.91
Flower power 1099,PI040298AD5I211178,2018-09-13 09:40:53,-1.0,108.59,13.04,42.52
Flower power 1099,PI040298AD5I211178,2018-09-13 09:55:53,-1.0,116.91,13.04,43.8
Flower power 1099,PI040298AD5I211178,2018-09-13 10:10:53,-1.0,123.67,12.78,42.92
Flower power 1099,PI040298AD5I211178,2018-09-13 10:25:53,-1.0,129.64,13.04,42.82
Flower power 1099,PI040298AD5I211178,2018-09-13 10:40:53,-1.0,72.1,12.78,43.54
Flower power 1099,PI040298AD5I211178,2018-09-13 10:55:53,-1.0,62.15,13.04,41.66
Flower power 1099,PI040298AD5I211178,2018-09-13 11:10:53,-1.0,114.41,13.04,44.74
Flower power 1099,PI040298AD5I211178,2018-09-13 11:25:53,-1.0,143.43,13.16,48.83
Flower power 1099,PI040298AD5I211178,2018-09-13 11:40:53,-1.0,143.43,12.91,50.77
Flower power 1099,PI040298AD5I211178,2018-09-13 11:55:53,-1.0,145.35,13.16,51.32
Flower power 1099,PI040298AD5I211178,2018-09-13 12:10:53,-1.0,145.35,13.29,51.2
Flower power 1099,PI040298AD5I211178,2018-09-13 12:25:53,-1.0,145.35,13.29,52.74
Flower power 1099,PI040298AD5I211178,2018-09-13 12:40:53,-1.0,131.22,13.16,47.97
Flower power 1099,PI040298AD5I211178,2018-09-13 12:55:53,-1.0,143.43,13.29,47.97
Flower power 1099,PI040298AD5I211178,2018-09-13 13:10:53,-1.0,139.72,13.16,50.71
Flower power 1099,PI040298AD5I211178,2018-09-13 13:25:53,-1.0,98.51,13.16,49.41
Flower power 1099,PI040298AD5I211178,2018-09-13 13:40:53,-1.0,132.84,13.29,51.62
Flower power 1099,PI040298AD5I211178,2018-09-13 13:55:53,-1.0,128.09,13.16,51.2
Flower power 1099,PI040298AD5I211178,2018-09-13 14:10:53,-1.0,92.48,13.29,49.18
Flower power 1099,PI040298AD5I211178,2018-09-13 14:25:53,-1.0,66.55,13.29,45.38
Flower power 1099,PI040298AD5I211178,2018-09-13 14:40:53,-1.0,108.59,13.29,48.37
Flower power 1099,PI040298AD5I211178,2018-09-13 14:55:53,-1.0,103.31,13.29,45.76
Flower power 1099,PI040298AD5I211178,2018-09-13 15:10:53,-1.0,40.75,13.29,41.46
Flower power 1099,PI040298AD5I211178,2018-09-13 15:25:53,-1.0,46.58,13.42,42.87
Flower power 1099,PI040298AD5I211178,2018-09-13 15:40:53,-1.0,79.22,13.55,45.82
Flower power 1099,PI040298AD5I211178,2018-09-13 15:55:53,-1.0,75.77,13.42,44.37
Flower power 1099,PI040298AD5I211178,2018-09-13 16:10:53,-1.0,70.63,13.42,42.87
Flower power 1099,PI040298AD5I211178,2018-09-13 16:25:53,-1.0,54.27,13.04,39.8
Flower power 1099,PI040298AD5I211178,2018-09-13 16:40:53,-1.0,34.69,13.42,39.03
Flower power 1099,PI040298AD5I211178,2018-09-13 16:55:53,-1.0,27.55,13.29,37.43
Flower power 1099,PI040298AD5I211178,2018-09-13 17:10:53,-1.0,16.83,13.29,33.07
Flower power 1099,PI040298AD5I211178,2018-09-13 17:25:53,-1.0,20.98,13.55,31.47
Flower power 1099,PI040298AD5I211178,2018-09-13 17:40:53,-1.0,15.5,13.42,31.34
Flower power 1099,PI040298AD5I211178,2018-09-13 17:55:53,-1.0,8.18,13.29,28.24
Flower power 1099,PI040298AD5I211178,2018-09-13 18:10:53,-1.0,5.45,12.91,26.82
Flower power 1099,PI040298AD5I211178,2018-09-13 18:25:53,-1.0,2.96,13.04,25.43
Flower power 1099,PI040298AD5I211178,2018-09-13 18:40:53,-1.0,0.99,13.04,23.93
Flower power 1099,PI040298AD5I211178,2018-09-13 18:55:53,-1.0,0.1,13.04,22.68
Flower power 1099,PI040298AD5I211178,2018-09-13 19:10:53,-1.0,0.1,12.91,21.41
Flower power 1099,PI040298AD5I211178,2018-09-13 19:25:53,-1.0,0.1,13.16,20.5
Flower power 1099,PI040298AD5I211178,2018-09-13 19:40:53,-1.0,0.1,13.16,20.06
Flower power 1099,PI040298AD5I211178,2018-09-13 19:55:53,-1.0,0.1,13.16,19.87
Flower power 1099,PI040298AD5I211178,2018-09-13 20:10:53,-1.0,0.1,12.78,19.67
Flower power 1099,PI040298AD5I211178,2018-09-13 20:25:53,-1.0,0.1,13.04,19.38
Flower power 1099,PI040298AD5I211178,2018-09-13 20:40:53,-1.0,0.1,12.91,19.28
Flower power 1099,PI040298AD5I211178,2018-09-13 20:55:53,-1.0,0.1,13.04,19.28
Flower power 1099,PI040298AD5I211178,2018-09-13 21:10:53,-1.0,0.1,13.04,19.08
Flower power 1099,PI040298AD5I211178,2018-09-13 21:25:53,-1.0,0.1,13.04,19.03
Flower power 1099,PI040298AD5I211178,2018-09-13 21:40:53,-1.0,0.1,13.16,18.98
Flower power 1099,PI040298AD5I211178,2018-09-13 21:55:53,-1.0,0.1,12.78,18.88
Flower power 1099,PI040298AD5I211178,2018-09-13 22:10:53,-1.0,0.1,12.91,18.83
Flower power 1099,PI040298AD5I211178,2018-09-13 22:25:53,-1.0,0.1,12.91,18.78
Flower power 1099,PI040298AD5I211178,2018-09-13 22:40:53,-1.0,0.1,12.78,18.74
Flower power 1099,PI040298AD5I211178,2018-09-13 22:55:53,-1.0,0.1,12.78,18.78
Flower power 1099,PI040298AD5I211178,2018-09-13 23:10:53,-1.0,0.1,12.65,18.78
Flower power 1099,PI040298AD5I211178,2018-09-13 23:25:53,-1.0,0.1,12.78,18.64
Flower power 1099,PI040298AD5I211178,2018-09-13 23:40:53,-1.0,0.1,12.78,18.64
Flower power 1099,PI040298AD5I211178,2018-09-13 23:55:53,-1.0,0.1,12.65,18.44
Flower power 1099,PI040298AD5I211178,2018-09-14 00:10:53,-1.0,0.1,12.65,17.93
Flower power 1099,PI040298AD5I211178,2018-09-14 00:25:53,-1.0,0.1,12.65,17.78
Flower power 1099,PI040298AD5I211178,2018-09-14 00:40:53,-1.0,0.1,12.65,17.88
Flower power 1099,PI040298AD5I211178,2018-09-14 00:55:53,-1.0,0.1,12.52,17.83
Flower power 1099,PI040298AD5I211178,2018-09-14 01:10:53,-1.0,0.1,12.91,18.24
Flower power 1099,PI040298AD5I211178,2018-09-14 01:25:53,-1.0,0.1,13.04,18.08
Flower power 1099,PI040298AD5I211178,2018-09-14 01:40:53,-1.0,0.1,12.78,18.08
Flower power 1099,PI040298AD5I211178,2018-09-14 01:55:53,-1.0,0.1,12.91,17.78
Flower power 1099,PI040298AD5I211178,2018-09-14 02:10:53,-1.0,0.1,12.78,17.68
Flower power 1099,PI040298AD5I211178,2018-09-14 02:25:53,-1.0,0.1,12.65,17.12
Flower power 1099,PI040298AD5I211178,2018-09-14 02:40:53,-1.0,0.1,12.91,16.6
Flower power 1099,PI040298AD5I211178,2018-09-14 02:55:53,-1.0,0.1,12.91,17.02
Flower power 1099,PI040298AD5I211178,2018-09-14 03:10:53,-1.0,0.1,12.52,17.12
Flower power 1099,PI040298AD5I211178,2018-09-14 03:25:53,-1.0,0.1,13.04,17.22
Flower power 1099,PI040298AD5I211178,2018-09-14 03:40:53,-1.0,0.1,12.52,17.12
Flower power 1099,PI040298AD5I211178,2018-09-14 03:55:53,-1.0,0.1,12.91,17.07
Flower power 1099,PI040298AD5I211178,2018-09-14 04:10:53,-1.0,0.1,12.65,17.17
Flower power 1099,PI040298AD5I211178,2018-09-14 04:25:53,-1.0,0.1,12.65,17.27
Flower power 1099,PI040298AD5I211178,2018-09-14 04:40:53,-1.0,0.1,12.65,17.12
Flower power 1099,PI040298AD5I211178,2018-09-14 04:55:53,-1.0,0.1,12.91,17.02
Flower power 1099,PI040298AD5I211178,2018-09-14 05:10:53,-1.0,0.1,12.91,17.07
Flower power 1099,PI040298AD5I211178,2018-09-14 05:25:53,-1.0,0.1,12.78,17.12
Flower power 1099,PI040298AD5I211178,2018-09-14 05:40:53,-1.0,0.1,12.52,16.86
Flower power 1099,PI040298AD5I211178,2018-09-14 05:55:53,-1.0,0.1,12.78,16.86
Flower power 1099,PI040298AD5I211178,2018-09-14 06:10:53,-1.0,0.32,12.4,16.66
Flower power 1099,PI040298AD5I211178,2018-09-14 06:25:53,-1.0,1.6,12.78,16.91
Flower power 1099,PI040298AD5I211178,2018-09-14 06:40:53,-1.0,3.77,13.04,17.27
Flower power 1099,PI040298AD5I211178,2018-09-14 06:55:53,-1.0,6.06,12.78,17.73
Flower power 1099,PI040298AD5I211178,2018-09-14 07:10:53,-1.0,8.3,12.91,18.39
Flower power 1099,PI040298AD5I211178,2018-09-14 07:25:53,-1.0,11.4,12.78,19.53
Flower power 1099,PI040298AD5I211178,2018-09-14 07:40:53,-1.0,21.98,12.91,22.63
Flower power 1099,PI040298AD5I211178,2018-09-14 07:55:53,-1.0,31.4,13.04,25.25
Flower power 1099,PI040298AD5I211178,2018-09-14 08:10:53,-1.0,26.8,13.04,26.64
Flower power 1099,PI040298AD5I211178,2018-09-14 08:25:53,-1.0,15.42,13.04,23.7
Flower power 1099,PI040298AD5I211178,2018-09-14 08:40:53,-1.0,22.23,12.65,24.29
Flower power 1099,PI040298AD5I211178,2018-09-14 08:55:53,-1.0,21.21,12.4,25.2
Flower power 1099,PI040298AD5I211178,2018-09-14 09:10:53,-1.0,58.61,12.65,27.84
Flower power 1099,PI040298AD5I211178,2018-09-14 09:25:53,-1.0,93.29,13.04,37.24
Flower power 1099,PI040298AD5I211178,2018-09-14 09:40:53,-1.0,104.32,12.65,40.23
Flower power 1099,PI040298AD5I211178,2018-09-14 09:55:53,-1.0,113.2,12.78,42.62
Flower power 1099,PI040298AD5I211178,2018-09-14 10:10:53,-1.0,122.26,12.78,44.16
Flower power 1099,PI040298AD5I211178,2018-09-14 10:25:53,-1.0,125.11,12.65,44.06
Flower power 1099,PI040298AD5I211178,2018-09-14 10:40:53,-1.0,93.29,12.78,43.13
Flower power 1099,PI040298AD5I211178,2018-09-14 10:55:53,-1.0,109.7,13.04,44.01
Flower power 1099,PI040298AD5I211178,2018-09-14 11:10:53,-1.0,134.49,13.16,46.63
Flower power 1099,PI040298AD5I211178,2018-09-14 11:25:53,-1.0,139.72,12.91,50.53
Flower power 1099,PI040298AD5I211178,2018-09-14 11:40:53,-1.0,139.72,13.16,50.53
Flower power 1099,PI040298AD5I211178,2018-09-14 11:55:53,-1.0,141.55,13.04,50.71
Flower power 1099,PI040298AD5I211178,2018-09-14 12:10:53,-1.0,143.43,13.16,51.62
Flower power 1099,PI040298AD5I211178,2018-09-14 12:25:53,-1.0,170.41,13.16,50.3
Flower power 1099,PI040298AD5I211178,2018-09-14 12:40:53,-1.0,109.7,13.04,48.89
Flower power 1099,PI040298AD5I211178,2018-09-14 12:55:53,-1.0,151.44,13.16,42.21
Flower power 1099,PI040298AD5I211178,2018-09-14 13:10:53,-1.0,141.55,13.29,47.13
Flower power 1099,PI040298AD5I211178,2018-09-14 13:25:53,-1.0,139.72,13.29,49.3
Flower power 1099,PI040298AD5I211178,2018-09-14 13:40:53,-1.0,60.68,13.29,40.48
Flower power 1099,PI040298AD5I211178,2018-09-14 13:55:53,-1.0,36.73,13.42,34.41
Flower power 1099,PI040298AD5I211178,2018-09-14 14:10:53,-1.0,46.79,13.29,33.65
Flower power 1099,PI040298AD5I211178,2018-09-14 14:25:53,-1.0,46.36,13.29,32.31
Flower power 1099,PI040298AD5I211178,2018-09-14 14:40:53,-1.0,109.7,13.42,44.16
Flower power 1099,PI040298AD5I211178,2018-09-14 14:55:53,-1.0,97.6,13.29,44.16
Flower power 1099,PI040298AD5I211178,2018-09-14 15:10:53,-1.0,87.85,13.04,39.94
Flower power 1099,PI040298AD5I211178,2018-09-14 15:25:53,-1.0,37.41,13.16,39.46
Flower power 1099,PI040298AD5I211178,2018-09-14 15:40:53,-1.0,66.98,13.42,40.82
Flower power 1099,PI040298AD5I211178,2018-09-14 15:55:53,-1.0,65.71,13.04,40.67
Flower power 1099,PI040298AD5I211178,2018-09-14 16:10:53,-1.0,62.91,12.91,39.36
Flower power 1099,PI040298AD5I211178,2018-09-14 16:25:53,-1.0,48.82,13.29,35.91
Flower power 1099,PI040298AD5I211178,2018-09-14 16:40:53,-1.0,37.84,13.42,35.13
Flower power 1099,PI040298AD5I211178,2018-09-14 16:55:53,-1.0,33.75,13.29,32.98
Flower power 1099,PI040298AD5I211178,2018-09-14 17:10:53,-1.0,16.37,13.16,29.97
Flower power 1099,PI040298AD5I211178,2018-09-14 17:25:53,-1.0,13.71,13.42,28.07
Flower power 1099,PI040298AD5I211178,2018-09-14 17:40:53,-1.0,13.32,13.16,27.89
Flower power 1099,PI040298AD5I211178,2018-09-14 17:55:53,-1.0,7.65,13.16,25.52
Flower power 1099,PI040298AD5I211178,2018-09-14 18:10:53,-1.0,5.01,12.91,24.52
Flower power 1099,PI040298AD5I211178,2018-09-14 18:25:53,-1.0,2.59,13.16,23.47
Flower power 1099,PI040298AD5I211178,2018-09-14 18:40:53,-1.0,0.77,13.29,22.26
Flower power 1099,PI040298AD5I211178,2018-09-14 18:55:53,-1.0,0.1,13.04,21.03
Flower power 1099,PI040298AD5I211178,2018-09-14 19:10:53,-1.0,0.1,13.29,20.4
Flower power 1099,PI040298AD5I211178,2018-09-14 19:25:53,-1.0,0.1,13.16,20.26
Flower power 1099,PI040298AD5I211178,2018-09-14 19:40:53,-1.0,0.1,13.29,19.92
Flower power 1099,PI040298AD5I211178,2018-09-14 19:55:53,-1.0,0.1,12.78,19.77
Flower power 1099,PI040298AD5I211178,2018-09-14 20:10:53,-1.0,0.1,13.04,19.77
Flower power 1099,PI040298AD5I211178,2018-09-14 20:25:53,-1.0,0.1,13.04,20.26
Flower power 1099,PI040298AD5I211178,2018-09-14 20:40:53,-1.0,0.1,13.04,20.06
Flower power 1099,PI040298AD5I211178,2018-09-14 20:55:53,-1.0,0.1,12.78,19.53
Flower power 1099,PI040298AD5I211178,2018-09-14 21:10:53,-1.0,0.1,13.04,19.38
Flower power 1099,PI040298AD5I211178,2018-09-14 21:25:53,-1.0,0.1,13.16,20.06
Flower power 1099,PI040298AD5I211178,2018-09-14 21:40:53,-1.0,0.1,13.04,20.79
Flower power 1099,PI040298AD5I211178,2018-09-14 21:55:53,-1.0,0.1,12.91,21.22
Flower power 1099,PI040298AD5I211178,2018-09-14 22:10:53,-1.0,0.1,12.65,20.55
Flower power 1099,PI040298AD5I211178,2018-09-14 22:25:53,-1.0,0.1,12.65,18.93
Flower power 1099,PI040298AD5I211178,2018-09-14 22:40:53,-1.0,0.1,12.78,18.93
Flower power 1099,PI040298AD5I211178,2018-09-14 22:55:53,-1.0,0.1,12.91,18.59
Flower power 1099,PI040298AD5I211178,2018-09-14 23:10:53,-1.0,0.1,12.78,18.83
Flower power 1099,PI040298AD5I211178,2018-09-14 23:25:53,-1.0,0.1,13.16,18.74
Flower power 1099,PI040298AD5I211178,2018-09-14 23:40:53,-1.0,0.1,12.78,18.49
Flower power 1099,PI040298AD5I211178,2018-09-14 23:55:53,-1.0,0.1,13.04,18.13
Flower power 1099,PI040298AD5I211178,2018-09-15 00:10:53,-1.0,0.1,13.04,18.03
Flower power 1099,PI040298AD5I211178,2018-09-15 00:25:53,-1.0,0.1,12.65,18.29
Flower power 1099,PI040298AD5I211178,2018-09-15 00:40:53,-1.0,0.1,12.78,18.39
Flower power 1099,PI040298AD5I211178,2018-09-15 00:55:53,-1.0,0.1,12.65,18.78
Flower power 1099,PI040298AD5I211178,2018-09-15 01:10:53,-1.0,0.1,12.91,18.74
Flower power 1099,PI040298AD5I211178,2018-09-15 01:25:53,-1.0,0.1,12.78,18.83
Flower power 1099,PI040298AD5I211178,2018-09-15 01:40:53,-1.0,0.1,12.65,19.08
Flower power 1099,PI040298AD5I211178,2018-09-15 01:55:53,-1.0,0.1,12.65,19.53
Flower power 1099,PI040298AD5I211178,2018-09-15 02:10:53,-1.0,0.1,12.52,19.96
Flower power 1099,PI040298AD5I211178,2018-09-15 02:25:53,-1.0,0.1,12.52,20.16
Flower power 1099,PI040298AD5I211178,2018-09-15 02:40:53,-1.0,0.1,12.91,20.11
Flower power 1099,PI040298AD5I211178,2018-09-15 02:55:53,-1.0,0.1,12.65,20.59
Flower power 1099,PI040298AD5I211178,2018-09-15 03:10:53,-1.0,0.1,12.65,21.17
Flower power 1099,PI040298AD5I211178,2018-09-15 03:25:53,-1.0,0.1,12.91,21.07
Flower power 1099,PI040298AD5I211178,2018-09-15 03:40:53,-1.0,0.1,12.52,20.4
Flower power 1099,PI040298AD5I211178,2018-09-15 03:55:53,-1.0,0.1,12.91,20.3
Flower power 1099,PI040298AD5I211178,2018-09-15 04:10:53,-1.0,0.1,12.91,20.5
Flower power 1099,PI040298AD5I211178,2018-09-15 04:25:53,-1.0,0.1,12.78,20.64
Flower power 1099,PI040298AD5I211178,2018-09-15 04:40:53,-1.0,0.1,13.04,20.74
Flower power 1099,PI040298AD5I211178,2018-09-15 04:55:53,-1.0,0.1,12.91,20.4
Flower power 1099,PI040298AD5I211178,2018-09-15 05:10:53,-1.0,0.1,12.78,20.21
Flower power 1099,PI040298AD5I211178,2018-09-15 05:25:53,-1.0,0.1,12.65,20.4
Flower power 1099,PI040298AD5I211178,2018-09-15 05:40:53,-1.0,0.1,13.04,20.3
Flower power 1099,PI040298AD5I211178,2018-09-15 05:55:53,-1.0,0.1,12.91,20.5
Flower power 1099,PI040298AD5I211178,2018-09-15 06:10:53,-1.0,0.1,12.65,20.74
Flower power 1099,PI040298AD5I211178,2018-09-15 06:25:53,-1.0,0.53,12.65,20.69
Flower power 1099,PI040298AD5I211178,2018-09-15 06:40:53,-1.0,1.58,12.4,20.74
Flower power 1099,PI040298AD5I211178,2018-09-15 06:55:53,-1.0,2.49,12.78,21.36
Flower power 1099,PI040298AD5I211178,2018-09-15 07:10:53,-1.0,3.67,13.04,21.88
Flower power 1099,PI040298AD5I211178,2018-09-15 07:25:53,-1.0,10.33,12.91,23.37
Flower power 1099,PI040298AD5I211178,2018-09-15 07:40:53,-1.0,9.28,12.91,24.06
Flower power 1099,PI040298AD5I211178,2018-09-15 07:55:53,-1.0,11.44,13.04,24.02
Flower power 1099,PI040298AD5I211178,2018-09-15 08:10:53,-1.0,13.95,12.78,25.2
Flower power 1099,PI040298AD5I211178,2018-09-15 08:25:53,-1.0,17.48,12.78,25.83
Flower power 1099,PI040298AD5I211178,2018-09-15 08:40:53,-1.0,22.23,12.65,27.18
Flower power 1099,PI040298AD5I211178,2018-09-15 08:55:53,-1.0,21.3,13.04,27.71
Flower power 1099,PI040298AD5I211178,2018-09-15 09:10:53,-1.0,24.83,12.65,29.48
Flower power 1099,PI040298AD5I211178,2018-09-15 09:25:53,-1.0,31.3,12.52,30.36
Flower power 1099,PI040298AD5I211178,2018-09-15 09:40:53,-1.0,32.11,12.91,30.63
Flower power 1099,PI040298AD5I211178,2018-09-15 09:55:53,-1.0,36.59,12.91,31.43
Flower power 1099,PI040298AD5I211178,2018-09-15 10:10:53,-1.0,99.44,12.91,34.95
Flower power 1099,PI040298AD5I211178,2018-09-15 10:25:53,-1.0,55.15,12.91,36.23
Flower power 1099,PI040298AD5I211178,2018-09-15 10:40:53,-1.0,59.29,12.65,36.23
Flower power 1099,PI040298AD5I211178,2018-09-15 10:55:53,-1.0,75.23,13.04,37.94
Flower power 1099,PI040298AD5I211178,2018-09-15 11:10:53,-1.0,134.49,13.16,45.92
Flower power 1099,PI040298AD5I211178,2018-09-15 11:25:53,-1.0,137.93,13.04,49.12
Flower power 1099,PI040298AD5I211178,2018-09-15 11:40:53,-1.0,145.35,13.16,50.59
Flower power 1099,PI040298AD5I211178,2018-09-15 11:55:53,-1.0,143.43,13.04,51.38
Flower power 1099,PI040298AD5I211178,2018-09-15 12:10:53,-1.0,149.36,13.29,52.42
Flower power 1099,PI040298AD5I211178,2018-09-15 12:25:53,-1.0,145.35,13.04,53.11
Flower power 1099,PI040298AD5I211178,2018-09-15 12:40:53,-1.0,81.06,12.91,48.03
Flower power 1099,PI040298AD5I211178,2018-09-15 12:55:53,-1.0,84.32,13.16,51.56
Flower power 1099,PI040298AD5I211178,2018-09-15 13:10:53,-1.0,137.93,13.04,53.37
Flower power 1099,PI040298AD5I211178,2018-09-15 13:25:53,-1.0,120.88,13.04,50.47
Flower power 1099,PI040298AD5I211178,2018-09-15 13:40:53,-1.0,113.2,13.42,50.36
Flower power 1099,PI040298AD5I211178,2018-09-15 13:55:53,-1.0,126.58,13.29,50.47
Flower power 1099,PI040298AD5I211178,2018-09-15 14:10:53,-1.0,120.88,13.04,50.71
Flower power 1099,PI040298AD5I211178,2018-09-15 14:25:53,-1.0,88.59,13.29,44.27
Flower power 1099,PI040298AD5I211178,2018-09-15 14:40:53,-1.0,108.59,13.04,49.12
Flower power 1099,PI040298AD5I211178,2018-09-15 14:55:53,-1.0,100.38,13.16,47.52
Flower power 1099,PI040298AD5I211178,2018-09-15 15:10:53,-1.0,93.29,13.29,45.65
Flower power 1099,PI040298AD5I211178,2018-09-15 15:25:53,-1.0,29.71,13.04,43.96
Flower power 1099,PI040298AD5I211178,2018-09-15 15:40:53,-1.0,81.7,13.04,45.71
Flower power 1099,PI040298AD5I211178,2018-09-15 15:55:53,-1.0,69.68,13.29,46.2
Flower power 1099,PI040298AD5I211178,2018-09-15 16:10:53,-1.0,66.98,13.29,43.75
Flower power 1099,PI040298AD5I211178,2018-09-15 16:25:53,-1.0,40.1,13.55,39.85
Flower power 1099,PI040298AD5I211178,2018-09-15 16:40:53,-1.0,40.1,13.29,38.79
Flower power 1099,PI040298AD5I211178,2018-09-15 16:55:53,-1.0,36.06,12.91,36.55
Flower power 1099,PI040298AD5I211178,2018-09-15 17:10:53,-1.0,16.43,13.16,32.98
Flower power 1099,PI040298AD5I211178,2018-09-15 17:25:53,-1.0,14.89,13.29,30.85
Flower power 1099,PI040298AD5I211178,2018-09-15 17:40:53,-1.0,13.99,13.42,29.79
Flower power 1099,PI040298AD5I211178,2018-09-15 17:55:53,-1.0,6.98,12.91,26.82
Flower power 1099,PI040298AD5I211178,2018-09-15 18:10:53,-1.0,4.67,13.04,25.07
Flower power 1099,PI040298AD5I211178,2018-09-15 18:25:53,-1.0,2.41,12.91,23.79
Flower power 1099,PI040298AD5I211178,2018-09-15 18:40:53,-1.0,0.67,13.04,22.77
Flower power 1099,PI040298AD5I211178,2018-09-15 18:55:53,-1.0,0.1,13.29,22.26
Flower power 1099,PI040298AD5I211178,2018-09-15 19:10:53,-1.0,0.1,13.42,21.97
Flower power 1099,PI040298AD5I211178,2018-09-15 19:25:53,-1.0,0.1,13.29,21.83
Flower power 1099,PI040298AD5I211178,2018-09-15 19:40:53,-1.0,0.1,13.04,21.5
Flower power 1099,PI040298AD5I211178,2018-09-15 19:55:53,-1.0,0.1,12.78,21.31
Flower power 1099,PI040298AD5I211178,2018-09-15 20:10:53,-1.0,0.1,13.29,21.36
Flower power 1099,PI040298AD5I211178,2018-09-15 20:25:53,-1.0,0.1,13.04,21.64
Flower power 1099,PI040298AD5I211178,2018-09-15 20:40:53,-1.0,0.1,13.04,21.83
Flower power 1099,PI040298AD5I211178,2018-09-15 20:55:53,-1.0,0.1,13.29,21.74
Flower power 1099,PI040298AD5I211178,2018-09-15 21:10:53,-1.0,0.1,13.16,21.22
Flower power 1099,PI040298AD5I211178,2018-09-15 21:25:53,-1.0,0.1,13.29,20.98
Flower power 1099,PI040298AD5I211178,2018-09-15 21:40:53,-1.0,0.1,12.91,20.64
Flower power 1099,PI040298AD5I211178,2018-09-15 21:55:53,-1.0,0.1,12.91,20.64
Flower power 1099,PI040298AD5I211178,2018-09-15 22:10:53,-1.0,0.1,12.91,20.3
Flower power 1099,PI040298AD5I211178,2018-09-15 22:25:53,-1.0,0.1,13.04,19.96
Flower power 1099,PI040298AD5I211178,2018-09-15 22:40:53,-1.0,0.1,12.65,19.77
Flower power 1099,PI040298AD5I211178,2018-09-15 22:55:53,-1.0,0.1,12.78,19.48
Flower power 1099,PI040298AD5I211178,2018-09-15 23:10:53,-1.0,0.1,13.04,19.28
Flower power 1099,PI040298AD5I211178,2018-09-15 23:25:53,-1.0,0.1,13.16,18.98
Flower power 1099,PI040298AD5I211178,2018-09-15 23:40:53,-1.0,0.1,12.91,19.38
Flower power 1099,PI040298AD5I211178,2018-09-15 23:55:53,-1.0,0.1,12.91,19.18
Flower power 1099,PI040298AD5I211178,2018-09-16 00:10:53,-1.0,0.1,12.78,18.64
Flower power 1099,PI040298AD5I211178,2018-09-16 00:25:53,-1.0,0.1,13.04,18.64
Flower power 1099,PI040298AD5I211178,2018-09-16 00:40:53,-1.0,0.1,12.78,17.88
Flower power 1099,PI040298AD5I211178,2018-09-16 00:55:53,-1.0,0.1,12.78,17.12
Flower power 1099,PI040298AD5I211178,2018-09-16 01:10:53,-1.0,0.1,13.04,17.07
Flower power 1099,PI040298AD5I211178,2018-09-16 01:25:53,-1.0,0.1,12.65,17.22
Flower power 1099,PI040298AD5I211178,2018-09-16 01:40:53,-1.0,0.1,12.78,17.27
Flower power 1099,PI040298AD5I211178,2018-09-16 01:55:53,-1.0,0.1,12.78,17.12
Flower power 1099,PI040298AD5I211178,2018-09-16 02:10:53,-1.0,0.1,12.91,17.02
Flower power 1099,PI040298AD5I211178,2018-09-16 02:25:53,-1.0,0.1,12.52,16.66
Flower power 1099,PI040298AD5I211178,2018-09-16 02:40:53,-1.0,0.1,12.65,16.86
Flower power 1099,PI040298AD5I211178,2018-09-16 02:55:53,-1.0,0.1,12.52,17.12
Flower power 1099,PI040298AD5I211178,2018-09-16 03:10:53,-1.0,0.1,12.91,16.97
Flower power 1099,PI040298AD5I211178,2018-09-16 03:25:53,-1.0,0.1,12.91,16.66
Flower power 1099,PI040298AD5I211178,2018-09-16 03:40:53,-1.0,0.1,12.91,16.71
Flower power 1099,PI040298AD5I211178,2018-09-16 03:55:53,-1.0,0.1,12.4,16.76
Flower power 1099,PI040298AD5I211178,2018-09-16 04:10:53,-1.0,0.1,13.04,16.29
Flower power 1099,PI040298AD5I211178,2018-09-16 04:25:53,-1.0,0.1,12.65,16.19
Flower power 1099,PI040298AD5I211178,2018-09-16 04:40:53,-1.0,0.1,13.04,16.34
Flower power 1099,PI040298AD5I211178,2018-09-16 04:55:53,-1.0,0.1,12.65,16.4
Flower power 1099,PI040298AD5I211178,2018-09-16 05:10:53,-1.0,0.1,12.65,16.08
Flower power 1099,PI040298AD5I211178,2018-09-16 05:25:53,-1.0,0.1,12.52,15.87
Flower power 1099,PI040298AD5I211178,2018-09-16 05:40:53,-1.0,0.1,12.78,16.08
Flower power 1099,PI040298AD5I211178,2018-09-16 05:55:53,-1.0,0.1,12.78,15.98
Flower power 1099,PI040298AD5I211178,2018-09-16 06:10:53,-1.0,0.25,12.52,16.03
Flower power 1099,PI040298AD5I211178,2018-09-16 06:25:53,-1.0,1.43,12.52,16.45
Flower power 1099,PI040298AD5I211178,2018-09-16 06:40:53,-1.0,3.56,12.91,17.02
Flower power 1099,PI040298AD5I211178,2018-09-16 06:55:53,-1.0,6.02,12.78,17.98
Flower power 1099,PI040298AD5I211178,2018-09-16 07:10:53,-1.0,8.54,12.65,19.18
Flower power 1099,PI040298AD5I211178,2018-09-16 07:25:53,-1.0,13.23,12.78,20.88
Flower power 1099,PI040298AD5I211178,2018-09-16 07:40:53,-1.0,26.73,13.04,24.34
Flower power 1099,PI040298AD5I211178,2018-09-16 07:55:53,-1.0,32.64,12.4,27.18
Flower power 1099,PI040298AD5I211178,2018-09-16 08:10:53,-1.0,41.59,13.04,29.53
Flower power 1099,PI040298AD5I211178,2018-09-16 08:25:53,-1.0,31.8,12.78,32.09
Flower power 1099,PI040298AD5I211178,2018-09-16 08:40:53,-1.0,44.14,12.78,33.6
Flower power 1099,PI040298AD5I211178,2018-09-16 08:55:53,-1.0,76.89,12.65,35.59
Flower power 1099,PI040298AD5I211178,2018-09-16 09:10:53,-1.0,81.06,12.65,38.84
Flower power 1099,PI040298AD5I211178,2018-09-16 09:25:53,-1.0,94.97,12.91,39.36
Flower power 1099,PI040298AD5I211178,2018-09-16 09:40:53,-1.0,102.31,12.91,41.91
Flower power 1099,PI040298AD5I211178,2018-09-16 09:55:53,-1.0,113.2,12.91,43.23
Flower power 1099,PI040298AD5I211178,2018-09-16 10:10:53,-1.0,120.88,12.78,43.23
Flower power 1099,PI040298AD5I211178,2018-09-16 10:25:53,-1.0,126.58,12.78,42.01
Flower power 1099,PI040298AD5I211178,2018-09-16 10:40:53,-1.0,50.01,13.16,40.14
Flower power 1099,PI040298AD5I211178,2018-09-16 10:55:53,-1.0,120.88,13.16,41.86
Flower power 1099,PI040298AD5I211178,2018-09-16 11:10:53,-1.0,100.38,12.78,44.37
Flower power 1099,PI040298AD5I211178,2018-09-16 11:25:53,-1.0,141.55,13.04,47.86
Flower power 1099,PI040298AD5I211178,2018-09-16 11:40:53,-1.0,143.43,13.29,49.3
Flower power 1099,PI040298AD5I211178,2018-09-16 11:55:53,-1.0,143.43,12.91,49.76
Flower power 1099,PI040298AD5I211178,2018-09-16 12:10:53,-1.0,143.43,13.29,51.38
Flower power 1099,PI040298AD5I211178,2018-09-16 12:25:53,-1.0,139.72,12.91,49.59
Flower power 1099,PI040298AD5I211178,2018-09-16 12:40:53,-1.0,69.22,13.42,48.14
Flower power 1099,PI040298AD5I211178,2018-09-16 12:55:53,-1.0,122.26,13.16,47.08
Flower power 1099,PI040298AD5I211178,2018-09-16 13:10:53,-1.0,139.72,13.16,48.49
Flower power 1099,PI040298AD5I211178,2018-09-16 13:25:53,-1.0,132.84,13.29,49.82
Flower power 1099,PI040298AD5I211178,2018-09-16 13:40:53,-1.0,128.09,13.04,49.88
Flower power 1099,PI040298AD5I211178,2018-09-16 13:55:53,-1.0,125.11,13.29,49.82
Flower power 1099,PI040298AD5I211178,2018-09-16 14:10:53,-1.0,122.26,13.16,49.35
Flower power 1099,PI040298AD5I211178,2018-09-16 14:25:53,-1.0,89.34,13.42,44.37
Flower power 1099,PI040298AD5I211178,2018-09-16 14:40:53,-1.0,106.41,13.42,48.49
Flower power 1099,PI040298AD5I211178,2018-09-16 14:55:53,-1.0,99.44,13.29,46.63
Flower power 1099,PI040298AD5I211178,2018-09-16 15:10:53,-1.0,86.41,13.29,42.26
Flower power 1099,PI040298AD5I211178,2018-09-16 15:25:53,-1.0,23.02,13.29,41.41
Flower power 1099,PI040298AD5I211178,2018-09-16 15:40:53,-1.0,78.04,13.55,45.01
Flower power 1099,PI040298AD5I211178,2018-09-16 15:55:53,-1.0,73.11,13.04,45.65
Flower power 1099,PI040298AD5I211178,2018-09-16 16:10:53,-1.0,66.13,13.29,42.31
Flower power 1099,PI040298AD5I211178,2018-09-16 16:25:53,-1.0,42.65,13.29,40.18
Flower power 1099,PI040298AD5I211178,2018-09-16 16:40:53,-1.0,53.7,13.16,41.71
Flower power 1099,PI040298AD5I211178,2018-09-16 16:55:53,-1.0,33.18,13.16,39.46
Flower power 1099,PI040298AD5I211178,2018-09-16 17:10:53,-1.0,24.1,13.04,36.09
Flower power 1099,PI040298AD5I211178,2018-09-16 17:25:53,-1.0,16.72,13.16,33.56
Flower power 1099,PI040298AD5I211178,2018-09-16 17:40:53,-1.0,16.15,13.29,32.84
Flower power 1099,PI040298AD5I211178,2018-09-16 17:55:53,-1.0,9.49,12.91,29.79
Flower power 1099,PI040298AD5I211178,2018-09-16 18:10:53,-1.0,7.39,13.29,28.33
Flower power 1099,PI040298AD5I211178,2018-09-16 18:25:53,-1.0,3.69,13.29,27.58
Flower power 1099,PI040298AD5I211178,2018-09-16 18:40:53,-1.0,1.03,13.42,26.64
Flower power 1099,PI040298AD5I211178,2018-09-16 18:55:53,-1.0,0.1,13.29,25.79
Flower power 1099,PI040298AD5I211178,2018-09-16 19:10:53,-1.0,0.1,13.16,25.07
Flower power 1099,PI040298AD5I211178,2018-09-16 19:25:53,-1.0,0.1,12.91,24.43
Flower power 1099,PI040298AD5I211178,2018-09-16 19:40:53,-1.0,0.1,13.29,24.29
Flower power 1099,PI040298AD5I211178,2018-09-16 19:55:53,-1.0,0.1,13.04,24.02
Flower power 1099,PI040298AD5I211178,2018-09-16 20:10:53,-1.0,0.1,13.16,23.51
Flower power 1099,PI040298AD5I211178,2018-09-16 20:25:53,-1.0,0.1,12.78,23.0
Flower power 1099,PI040298AD5I211178,2018-09-16 20:40:53,-1.0,0.1,13.16,22.91
Flower power 1099,PI040298AD5I211178,2018-09-16 20:55:53,-1.0,0.1,13.16,22.54
Flower power 1099,PI040298AD5I211178,2018-09-16 21:10:53,-1.0,0.1,13.16,22.44
Flower power 1099,PI040298AD5I211178,2018-09-16 21:25:53,-1.0,0.1,12.78,22.26
Flower power 1099,PI040298AD5I211178,2018-09-16 21:40:53,-1.0,0.1,13.16,22.21
Flower power 1099,PI040298AD5I211178,2018-09-16 21:55:53,-1.0,0.1,13.16,22.21
Flower power 1099,PI040298AD5I211178,2018-09-16 22:10:53,-1.0,0.1,13.04,21.97
Flower power 1099,PI040298AD5I211178,2018-09-16 22:25:53,-1.0,0.1,12.78,21.74
Flower power 1099,PI040298AD5I211178,2018-09-16 22:40:53,-1.0,0.1,12.78,21.55
Flower power 1099,PI040298AD5I211178,2018-09-16 22:55:53,-1.0,0.1,12.65,21.45
Flower power 1099,PI040298AD5I211178,2018-09-16 23:10:53,-1.0,0.1,12.91,21.17
Flower power 1099,PI040298AD5I211178,2018-09-16 23:25:53,-1.0,0.1,12.91,20.98
Flower power 1099,PI040298AD5I211178,2018-09-16 23:40:53,-1.0,0.1,12.78,20.74
Flower power 1099,PI040298AD5I211178,2018-09-16 23:55:53,-1.0,0.1,12.91,20.55
Flower power 1099,PI040298AD5I211178,2018-09-17 00:10:53,-1.0,0.1,12.91,20.55
Flower power 1099,PI040298AD5I211178,2018-09-17 00:25:53,-1.0,0.1,13.04,20.55
Flower power 1099,PI040298AD5I211178,2018-09-17 00:40:53,-1.0,0.1,13.04,20.4
Flower power 1099,PI040298AD5I211178,2018-09-17 00:55:53,-1.0,0.1,12.65,19.77
Flower power 1099,PI040298AD5I211178,2018-09-17 01:10:53,-1.0,0.1,12.91,19.53
Flower power 1099,PI040298AD5I211178,2018-09-17 01:25:53,-1.0,0.1,12.65,19.18
Flower power 1099,PI040298AD5I211178,2018-09-17 01:40:53,-1.0,0.1,13.16,18.64
Flower power 1099,PI040298AD5I211178,2018-09-17 01:55:53,-1.0,0.1,12.91,18.54
Flower power 1099,PI040298AD5I211178,2018-09-17 02:10:53,-1.0,0.1,12.65,18.39
Flower power 1099,PI040298AD5I211178,2018-09-17 02:25:53,-1.0,0.1,13.16,18.34
Flower power 1099,PI040298AD5I211178,2018-09-17 02:40:53,-1.0,0.1,12.52,18.08
Flower power 1099,PI040298AD5I211178,2018-09-17 02:55:53,-1.0,0.1,12.65,17.93
Flower power 1099,PI040298AD5I211178,2018-09-17 03:10:53,-1.0,0.1,12.52,17.88
Flower power 1099,PI040298AD5I211178,2018-09-17 03:25:53,-1.0,0.1,12.65,17.93
Flower power 1099,PI040298AD5I211178,2018-09-17 03:40:53,-1.0,0.1,12.91,17.88
Flower power 1099,PI040298AD5I211178,2018-09-17 03:55:53,-1.0,0.1,12.78,18.03
Flower power 1099,PI040298AD5I211178,2018-09-17 04:10:53,-1.0,0.1,12.91,18.03
Flower power 1099,PI040298AD5I211178,2018-09-17 04:25:53,-1.0,0.1,12.91,17.98
Flower power 1099,PI040298AD5I211178,2018-09-17 04:40:53,-1.0,0.1,13.16,17.78
Flower power 1099,PI040298AD5I211178,2018-09-17 04:55:53,-1.0,0.1,12.78,17.98
Flower power 1099,PI040298AD5I211178,2018-09-17 05:10:53,-1.0,0.1,12.78,18.08
Flower power 1099,PI040298AD5I211178,2018-09-17 05:25:53,-1.0,0.1,12.52,18.13
Flower power 1099,PI040298AD5I211178,2018-09-17 05:40:53,-1.0,0.1,12.65,18.19
Flower power 1099,PI040298AD5I211178,2018-09-17 05:55:53,-1.0,0.1,12.91,18.54
Flower power 1099,PI040298AD5I211178,2018-09-17 06:10:53,-1.0,0.23,12.52,18.44
Flower power 1099,PI040298AD5I211178,2018-09-17 06:25:53,-1.0,1.36,12.91,18.83
Flower power 1099,PI040298AD5I211178,2018-09-17 06:40:53,-1.0,3.44,12.52,19.57
Flower power 1099,PI040298AD5I211178,2018-09-17 06:55:53,-1.0,5.74,13.04,20.64
Flower power 1099,PI040298AD5I211178,2018-09-17 07:10:53,-1.0,7.92,12.78,21.64
Flower power 1099,PI040298AD5I211178,2018-09-17 07:25:53,-1.0,10.89,12.78,22.86
Flower power 1099,PI040298AD5I211178,2018-09-17 07:40:53,-1.0,18.6,12.91,25.43
Flower power 1099,PI040298AD5I211178,2018-09-17 07:55:53,-1.0,21.54,12.78,28.33
Flower power 1099,PI040298AD5I211178,2018-09-17 08:10:53,-1.0,46.79,12.52,31.65
Flower power 1099,PI040298AD5I211178,2018-09-17 08:25:53,-1.0,49.05,12.65,33.92
Flower power 1099,PI040298AD5I211178,2018-09-17 08:40:53,-1.0,26.58,12.91,34.32
Flower power 1099,PI040298AD5I211178,2018-09-17 08:55:53,-1.0,71.11,12.52,36.23
Flower power 1099,PI040298AD5I211178,2018-09-17 09:10:53,-1.0,78.04,12.91,40.53
Flower power 1099,PI040298AD5I211178,2018-09-17 09:25:53,-1.0,95.83,12.78,41.26
Flower power 1099,PI040298AD5I211178,2018-09-17 09:40:53,-1.0,105.36,13.04,43.96
Flower power 1099,PI040298AD5I211178,2018-09-17 09:55:53,-1.0,114.41,13.16,44.37
Flower power 1099,PI040298AD5I211178,2018-09-17 10:10:53,-1.0,123.67,12.91,44.64
Flower power 1099,PI040298AD5I211178,2018-09-17 10:25:53,-1.0,128.09,13.16,44.85
Flower power 1099,PI040298AD5I211178,2018-09-17 10:40:53,-1.0,33.18,13.04,41.51
Flower power 1099,PI040298AD5I211178,2018-09-17 10:55:53,-1.0,94.13,13.04,45.44
Flower power 1099,PI040298AD5I211178,2018-09-17 11:10:53,-1.0,139.72,12.78,47.58
Flower power 1099,PI040298AD5I211178,2018-09-17 11:25:53,-1.0,141.55,12.91,51.75
Flower power 1099,PI040298AD5I211178,2018-09-17 11:40:53,-1.0,143.43,12.91,50.89
Flower power 1099,PI040298AD5I211178,2018-09-17 11:55:53,-1.0,143.43,13.16,51.56
Flower power 1099,PI040298AD5I211178,2018-09-17 12:10:53,-1.0,145.35,13.29,51.75
Flower power 1099,PI040298AD5I211178,2018-09-17 12:25:53,-1.0,119.53,13.29,51.81
Flower power 1099,PI040298AD5I211178,2018-09-17 12:40:53,-1.0,68.76,13.16,50.41
Flower power 1099,PI040298AD5I211178,2018-09-17 12:55:53,-1.0,137.93,13.04,49.53
Flower power 1099,PI040298AD5I211178,2018-09-17 13:10:53,-1.0,139.72,13.16,50.59
Flower power 1099,PI040298AD5I211178,2018-09-17 13:25:53,-1.0,134.49,13.29,51.99
Flower power 1099,PI040298AD5I211178,2018-09-17 13:40:53,-1.0,115.65,13.16,50.12
Flower power 1099,PI040298AD5I211178,2018-09-17 13:55:53,-1.0,126.58,13.42,50.36
Flower power 1099,PI040298AD5I211178,2018-09-17 14:10:53,-1.0,120.88,13.16,51.14
Flower power 1099,PI040298AD5I211178,2018-09-17 14:25:53,-1.0,59.29,13.55,45.33
Flower power 1099,PI040298AD5I211178,2018-09-17 14:40:53,-1.0,107.49,13.04,49.12
Flower power 1099,PI040298AD5I211178,2018-09-17 14:55:53,-1.0,94.97,13.42,48.37
Flower power 1099,PI040298AD5I211178,2018-09-17 15:10:53,-1.0,82.34,13.16,42.06
Flower power 1099,PI040298AD5I211178,2018-09-17 15:25:53,-1.0,24.04,13.16,41.36
Flower power 1099,PI040298AD5I211178,2018-09-17 15:40:53,-1.0,77.46,13.16,45.82
Flower power 1099,PI040298AD5I211178,2018-09-17 15:55:53,-1.0,74.69,13.16,47.02
Flower power 1099,PI040298AD5I211178,2018-09-17 16:10:53,-1.0,60.33,13.16,42.31
Flower power 1099,PI040298AD5I211178,2018-09-17 16:25:53,-1.0,38.27,13.55,39.41
Flower power 1099,PI040298AD5I211178,2018-09-17 16:40:53,-1.0,35.68,13.29,38.32
Flower power 1099,PI040298AD5I211178,2018-09-17 16:55:53,-1.0,25.54,13.16,35.86
Flower power 1099,PI040298AD5I211178,2018-09-17 17:10:53,-1.0,20.32,13.16,33.92
Flower power 1099,PI040298AD5I211178,2018-09-17 17:25:53,-1.0,13.1,13.04,31.12
Flower power 1099,PI040298AD5I211178,2018-09-17 17:40:53,-1.0,12.36,13.29,30.1
Flower power 1099,PI040298AD5I211178,2018-09-17 17:55:53,-1.0,7.21,13.29,28.2
Flower power 1099,PI040298AD5I211178,2018-09-17 18:10:53,-1.0,4.11,13.29,26.82
Flower power 1099,PI040298AD5I211178,2018-09-17 18:25:53,-1.0,2.22,12.91,26.01
Flower power 1099,PI040298AD5I211178,2018-09-17 18:40:53,-1.0,0.43,13.16,24.75
Flower power 1099,PI040298AD5I211178,2018-09-17 18:55:53,-1.0,0.1,13.29,23.74
Flower power 1099,PI040298AD5I211178,2018-09-17 19:10:53,-1.0,0.1,13.04,23.56
Flower power 1099,PI040298AD5I211178,2018-09-17 19:25:53,-1.0,0.1,12.91,23.37
Flower power 1099,PI040298AD5I211178,2018-09-17 19:40:53,-1.0,0.1,13.04,23.24
Flower power 1099,PI040298AD5I211178,2018-09-17 19:55:53,-1.0,0.1,13.04,23.19
Flower power 1099,PI040298AD5I211178,2018-09-17 20:10:53,-1.0,0.1,13.16,23.19
Flower power 1099,PI040298AD5I211178,2018-09-17 20:25:53,-1.0,0.1,12.91,22.96
Flower power 1099,PI040298AD5I211178,2018-09-17 20:40:53,-1.0,0.1,13.16,22.77
Flower power 1099,PI040298AD5I211178,2018-09-17 20:55:53,-1.0,0.1,13.29,22.16
Flower power 1099,PI040298AD5I211178,2018-09-17 21:10:53,-1.0,0.1,12.91,22.12
Flower power 1099,PI040298AD5I211178,2018-09-17 21:25:53,-1.0,0.1,13.16,22.02
Flower power 1099,PI040298AD5I211178,2018-09-17 21:40:53,-1.0,0.1,13.04,21.64
Flower power 1099,PI040298AD5I211178,2018-09-17 21:55:53,-1.0,0.1,13.29,20.64
Flower power 1099,PI040298AD5I211178,2018-09-17 22:10:53,-1.0,0.1,12.78,21.03
Flower power 1099,PI040298AD5I211178,2018-09-17 22:25:53,-1.0,0.1,13.04,20.74
Flower power 1099,PI040298AD5I211178,2018-09-17 22:40:53,-1.0,0.1,12.78,20.06
Flower power 1099,PI040298AD5I211178,2018-09-17 22:55:53,-1.0,0.1,12.65,20.21
Flower power 1099,PI040298AD5I211178,2018-09-17 23:10:53,-1.0,0.1,13.16,20.11
Flower power 1099,PI040298AD5I211178,2018-09-17 23:25:53,-1.0,0.1,12.91,19.72
Flower power 1099,PI040298AD5I211178,2018-09-17 23:40:53,-1.0,0.1,12.91,19.53
Flower power 1099,PI040298AD5I211178,2018-09-17 23:55:53,-1.0,0.1,12.78,19.13
Flower power 1099,PI040298AD5I211178,2018-09-18 00:10:53,-1.0,0.1,12.78,18.78
Flower power 1099,PI040298AD5I211178,2018-09-18 00:25:53,-1.0,0.1,13.04,19.18
Flower power 1099,PI040298AD5I211178,2018-09-18 00:40:53,-1.0,0.1,12.52,19.03
Flower power 1099,PI040298AD5I211178,2018-09-18 00:55:53,-1.0,0.1,12.91,18.74
Flower power 1099,PI040298AD5I211178,2018-09-18 01:10:53,-1.0,0.1,12.65,18.49
Flower power 1099,PI040298AD5I211178,2018-09-18 01:25:53,-1.0,0.1,13.04,18.24
Flower power 1099,PI040298AD5I211178,2018-09-18 01:40:53,-1.0,0.1,12.91,17.98
Flower power 1099,PI040298AD5I211178,2018-09-18 01:55:53,-1.0,0.1,12.91,17.88
Flower power 1099,PI040298AD5I211178,2018-09-18 02:10:53,-1.0,0.1,12.52,17.83
Flower power 1099,PI040298AD5I211178,2018-09-18 02:25:53,-1.0,0.1,13.04,17.43
Flower power 1099,PI040298AD5I211178,2018-09-18 02:40:53,-1.0,0.1,12.91,17.17
Flower power 1099,PI040298AD5I211178,2018-09-18 02:55:53,-1.0,0.1,12.65,17.22
Flower power 1099,PI040298AD5I211178,2018-09-18 03:10:53,-1.0,0.1,12.91,17.12
Flower power 1099,PI040298AD5I211178,2018-09-18 03:25:53,-1.0,0.1,12.91,17.27
Flower power 1099,PI040298AD5I211178,2018-09-18 03:40:53,-1.0,0.1,12.52,17.02
Flower power 1099,PI040298AD5I211178,2018-09-18 03:55:53,-1.0,0.1,12.91,17.27
Flower power 1099,PI040298AD5I211178,2018-09-18 04:10:53,-1.0,0.1,13.16,17.48
Flower power 1099,PI040298AD5I211178,2018-09-18 04:25:53,-1.0,0.1,12.65,16.71
Flower power 1099,PI040298AD5I211178,2018-09-18 04:40:53,-1.0,0.1,13.16,16.66
Flower power 1099,PI040298AD5I211178,2018-09-18 04:55:53,-1.0,0.1,12.91,16.24
Flower power 1099,PI040298AD5I211178,2018-09-18 05:10:53,-1.0,0.1,12.78,15.87
Flower power 1099,PI040298AD5I211178,2018-09-18 05:25:53,-1.0,0.1,12.65,16.08
Flower power 1099,PI040298AD5I211178,2018-09-18 05:40:53,-1.0,0.1,12.91,16.08
Flower power 1099,PI040298AD5I211178,2018-09-18 05:55:53,-1.0,0.1,12.52,15.93
Flower power 1099,PI040298AD5I211178,2018-09-18 06:10:53,-1.0,0.19,12.52,15.82
Flower power 1099,PI040298AD5I211178,2018-09-18 06:25:53,-1.0,1.27,13.04,15.93
Flower power 1099,PI040298AD5I211178,2018-09-18 06:40:53,-1.0,3.28,12.4,16.45
Flower power 1099,PI040298AD5I211178,2018-09-18 06:55:53,-1.0,5.38,12.65,17.73
Flower power 1099,PI040298AD5I211178,2018-09-18 07:10:53,-1.0,7.4,12.52,18.93
Flower power 1099,PI040298AD5I211178,2018-09-18 07:25:53,-1.0,11.19,12.65,19.92
Flower power 1099,PI040298AD5I211178,2018-09-18 07:40:53,-1.0,22.85,12.91,23.05
Flower power 1099,PI040298AD5I211178,2018-09-18 07:55:53,-1.0,18.35,12.78,26.33
Flower power 1099,PI040298AD5I211178,2018-09-18 08:10:53,-1.0,59.29,12.4,30.01
Flower power 1099,PI040298AD5I211178,2018-09-18 08:25:53,-1.0,46.58,12.91,32.44
Flower power 1099,PI040298AD5I211178,2018-09-18 08:40:53,-1.0,22.28,12.91,32.18
Flower power 1099,PI040298AD5I211178,2018-09-18 08:55:53,-1.0,64.48,12.65,34.77
Flower power 1099,PI040298AD5I211178,2018-09-18 09:10:53,-1.0,73.11,12.65,40.04
Flower power 1099,PI040298AD5I211178,2018-09-18 09:25:53,-1.0,96.71,12.78,41.76
Flower power 1099,PI040298AD5I211178,2018-09-18 09:40:53,-1.0,106.41,12.65,43.44
Flower power 1099,PI040298AD5I211178,2018-09-18 09:55:53,-1.0,114.41,12.65,44.9
Flower power 1099,PI040298AD5I211178,2018-09-18 10:10:53,-1.0,123.67,12.91,44.85
Flower power 1099,PI040298AD5I211178,2018-09-18 10:25:53,-1.0,128.09,13.16,44.9
Flower power 1099,PI040298AD5I211178,2018-09-18 10:40:53,-1.0,43.76,12.91,41.86
Flower power 1099,PI040298AD5I211178,2018-09-18 10:55:53,-1.0,106.41,13.04,46.14
Flower power 1099,PI040298AD5I211178,2018-09-18 11:10:53,-1.0,139.72,13.04,49.76
Flower power 1099,PI040298AD5I211178,2018-09-18 11:25:53,-1.0,141.55,13.29,52.36
Flower power 1099,PI040298AD5I211178,2018-09-18 11:40:53,-1.0,145.35,12.91,52.93
Flower power 1099,PI040298AD5I211178,2018-09-18 11:55:53,-1.0,143.43,13.29,53.88
Flower power 1099,PI040298AD5I211178,2018-09-18 12:10:53,-1.0,145.35,12.91,53.88
Flower power 1099,PI040298AD5I211178,2018-09-18 12:25:53,-1.0,145.35,13.29,52.05
Flower power 1099,PI040298AD5I211178,2018-09-18 12:40:53,-1.0,104.32,13.04,50.89
Flower power 1099,PI040298AD5I211178,2018-09-18 12:55:53,-1.0,132.84,13.16,50.83
Flower power 1099,PI040298AD5I211178,2018-09-18 13:10:53,-1.0,139.72,13.04,50.59
Flower power 1099,PI040298AD5I211178,2018-09-18 13:25:53,-1.0,137.93,13.04,53.18
Flower power 1099,PI040298AD5I211178,2018-09-18 13:40:53,-1.0,61.04,13.42,52.86
Flower power 1099,PI040298AD5I211178,2018-09-18 13:55:53,-1.0,129.64,13.16,52.86
Flower power 1099,PI040298AD5I211178,2018-09-18 14:10:53,-1.0,123.67,13.04,52.55
Flower power 1099,PI040298AD5I211178,2018-09-18 14:25:53,-1.0,106.41,13.29,47.13
Flower power 1099,PI040298AD5I211178,2018-09-18 14:40:53,-1.0,92.48,13.16,48.43
Flower power 1099,PI040298AD5I211178,2018-09-18 14:55:53,-1.0,98.51,13.16,48.14
Flower power 1099,PI040298AD5I211178,2018-09-18 15:10:53,-1.0,63.29,13.42,43.18
Flower power 1099,PI040298AD5I211178,2018-09-18 15:25:53,-1.0,22.18,13.04,41.56
Flower power 1099,PI040298AD5I211178,2018-09-18 15:40:53,-1.0,62.91,13.29,43.7
Flower power 1099,PI040298AD5I211178,2018-09-18 15:55:53,-1.0,76.33,13.04,43.03
Flower power 1099,PI040298AD5I211178,2018-09-18 16:10:53,-1.0,59.29,13.29,40.92
Flower power 1099,PI040298AD5I211178,2018-09-18 16:25:53,-1.0,56.67,13.04,40.67
Flower power 1099,PI040298AD5I211178,2018-09-18 16:40:53,-1.0,48.82,13.29,38.41
Flower power 1099,PI040298AD5I211178,2018-09-18 16:55:53,-1.0,19.34,13.04,36.09
Flower power 1099,PI040298AD5I211178,2018-09-18 17:10:53,-1.0,16.46,13.04,32.62
Flower power 1099,PI040298AD5I211178,2018-09-18 17:25:53,-1.0,10.82,13.04,30.63
Flower power 1099,PI040298AD5I211178,2018-09-18 17:40:53,-1.0,14.35,13.42,29.61
Flower power 1099,PI040298AD5I211178,2018-09-18 17:55:53,-1.0,5.67,13.16,27.84
Flower power 1099,PI040298AD5I211178,2018-09-18 18:10:53,-1.0,3.66,13.29,26.64
Flower power 1099,PI040298AD5I211178,2018-09-18 18:25:53,-1.0,1.35,13.16,25.7
Flower power 1099,PI040298AD5I211178,2018-09-18 18:40:53,-1.0,0.29,12.78,24.75
Flower power 1099,PI040298AD5I211178,2018-09-18 18:55:53,-1.0,0.1,12.91,24.16
Flower power 1099,PI040298AD5I211178,2018-09-18 19:10:53,-1.0,0.1,13.29,23.7
Flower power 1099,PI040298AD5I211178,2018-09-18 19:25:53,-1.0,0.1,13.16,23.19
Flower power 1099,PI040298AD5I211178,2018-09-18 19:40:53,-1.0,0.1,13.16,22.86
Flower power 1099,PI040298AD5I211178,2018-09-18 19:55:53,-1.0,0.1,13.16,22.54
Flower power 1099,PI040298AD5I211178,2018-09-18 20:10:53,-1.0,0.1,12.78,22.12
Flower power 1099,PI040298AD5I211178,2018-09-18 20:25:53,-1.0,0.1,13.04,21.83
Flower power 1099,PI040298AD5I211178,2018-09-18 20:40:53,-1.0,0.1,13.04,21.5
Flower power 1099,PI040298AD5I211178,2018-09-18 20:55:53,-1.0,0.1,12.91,21.12
Flower power 1099,PI040298AD5I211178,2018-09-18 21:10:53,-1.0,0.1,13.29,21.12
Flower power 1099,PI040298AD5I211178,2018-09-18 21:25:53,-1.0,0.1,13.04,20.98
Flower power 1099,PI040298AD5I211178,2018-09-18 21:40:53,-1.0,0.1,13.04,20.93
Flower power 1099,PI040298AD5I211178,2018-09-18 21:55:53,-1.0,0.1,12.91,20.74
Flower power 1099,PI040298AD5I211178,2018-09-18 22:10:53,-1.0,0.1,12.78,20.93
Flower power 1099,PI040298AD5I211178,2018-09-18 22:25:53,-1.0,0.1,12.78,20.5
Flower power 1099,PI040298AD5I211178,2018-09-18 22:40:53,-1.0,0.1,12.78,20.35
Flower power 1099,PI040298AD5I211178,2018-09-18 22:55:53,-1.0,0.1,12.78,19.87
Flower power 1099,PI040298AD5I211178,2018-09-18 23:10:53,-1.0,0.1,12.65,19.82
Flower power 1099,PI040298AD5I211178,2018-09-18 23:25:53,-1.0,0.1,12.65,19.62
Flower power 1099,PI040298AD5I211178,2018-09-18 23:40:53,-1.0,0.1,12.78,19.67
Flower power 1099,PI040298AD5I211178,2018-09-18 23:55:53,-1.0,0.1,13.04,19.87
Flower power 1099,PI040298AD5I211178,2018-09-19 00:10:53,-1.0,0.1,12.91,20.01
Flower power 1099,PI040298AD5I211178,2018-09-19 00:25:53,-1.0,0.1,12.91,20.11
Flower power 1099,PI040298AD5I211178,2018-09-19 00:40:53,-1.0,0.1,12.52,19.82
Flower power 1099,PI040298AD5I211178,2018-09-19 00:55:53,-1.0,0.1,12.91,19.72
Flower power 1099,PI040298AD5I211178,2018-09-19 01:10:53,-1.0,0.1,13.04,19.48
Flower power 1099,PI040298AD5I211178,2018-09-19 01:25:53,-1.0,0.1,12.91,18.98
Flower power 1099,PI040298AD5I211178,2018-09-19 01:40:53,-1.0,0.1,12.78,18.54
Flower power 1099,PI040298AD5I211178,2018-09-19 01:55:53,-1.0,0.1,12.52,17.73
Flower power 1099,PI040298AD5I211178,2018-09-19 02:10:53,-1.0,0.1,12.91,17.48
Flower power 1099,PI040298AD5I211178,2018-09-19 02:25:53,-1.0,0.1,13.04,17.58
Flower power 1099,PI040298AD5I211178,2018-09-19 02:40:53,-1.0,0.1,13.04,17.83
Flower power 1099,PI040298AD5I211178,2018-09-19 02:55:53,-1.0,0.1,12.4,17.38
Flower power 1099,PI040298AD5I211178,2018-09-19 03:10:53,-1.0,0.1,12.78,16.4
Flower power 1099,PI040298AD5I211178,2018-09-19 03:25:53,-1.0,0.1,12.78,16.45
Flower power 1099,PI040298AD5I211178,2018-09-19 03:40:53,-1.0,0.1,12.65,16.71
Flower power 1099,PI040298AD5I211178,2018-09-19 03:55:53,-1.0,0.1,12.78,17.27
Flower power 1099,PI040298AD5I211178,2018-09-19 04:10:53,-1.0,0.1,13.04,17.58
Flower power 1099,PI040298AD5I211178,2018-09-19 04:25:53,-1.0,0.1,13.04,18.13
Flower power 1099,PI040298AD5I211178,2018-09-19 04:40:53,-1.0,0.1,12.78,17.73
Flower power 1099,PI040298AD5I211178,2018-09-19 04:55:53,-1.0,0.1,12.65,17.88
Flower power 1099,PI040298AD5I211178,2018-09-19 05:10:53,-1.0,0.1,12.78,17.32
Flower power 1099,PI040298AD5I211178,2018-09-19 05:25:53,-1.0,0.1,12.65,17.63
Flower power 1099,PI040298AD5I211178,2018-09-19 05:40:53,-1.0,0.1,12.78,16.4
Flower power 1099,PI040298AD5I211178,2018-09-19 05:55:53,-1.0,0.1,12.52,16.86
Flower power 1099,PI040298AD5I211178,2018-09-19 06:10:53,-1.0,0.18,12.65,16.97
Flower power 1099,PI040298AD5I211178,2018-09-19 06:25:53,-1.0,1.16,12.65,16.86
Flower power 1099,PI040298AD5I211178,2018-09-19 06:40:53,-1.0,3.04,12.52,17.07
Flower power 1099,PI040298AD5I211178,2018-09-19 06:55:53,-1.0,5.05,12.78,17.83
Flower power 1099,PI040298AD5I211178,2018-09-19 07:10:53,-1.0,7.14,12.78,18.54
Flower power 1099,PI040298AD5I211178,2018-09-19 07:25:53,-1.0,12.0,12.78,20.06
Flower power 1099,PI040298AD5I211178,2018-09-19 07:40:53,-1.0,15.44,12.52,22.58
Flower power 1099,PI040298AD5I211178,2018-09-19 07:55:53,-1.0,19.66,12.52,25.43
Flower power 1099,PI040298AD5I211178,2018-09-19 08:10:53,-1.0,50.51,12.52,30.23
Flower power 1099,PI040298AD5I211178,2018-09-19 08:25:53,-1.0,54.56,12.78,32.27
Flower power 1099,PI040298AD5I211178,2018-09-19 08:40:53,-1.0,20.75,12.65,31.2
Flower power 1099,PI040298AD5I211178,2018-09-19 08:55:53,-1.0,57.3,12.52,35.27
Flower power 1099,PI040298AD5I211178,2018-09-19 09:10:53,-1.0,72.6,12.52,40.14
Flower power 1099,PI040298AD5I211178,2018-09-19 09:25:53,-1.0,96.71,12.91,41.71
Flower power 1099,PI040298AD5I211178,2018-09-19 09:40:53,-1.0,105.36,13.04,43.64
Flower power 1099,PI040298AD5I211178,2018-09-19 09:55:53,-1.0,114.41,12.91,45.6
Flower power 1099,PI040298AD5I211178,2018-09-19 10:10:53,-1.0,120.88,12.65,45.76
Flower power 1099,PI040298AD5I211178,2018-09-19 10:25:53,-1.0,104.32,12.91,45.12
Flower power 1099,PI040298AD5I211178,2018-09-19 10:40:53,-1.0,28.18,12.65,43.33
Flower power 1099,PI040298AD5I211178,2018-09-19 10:55:53,-1.0,119.53,13.16,48.77
Flower power 1099,PI040298AD5I211178,2018-09-19 11:10:53,-1.0,143.43,13.16,49.94
Flower power 1099,PI040298AD5I211178,2018-09-19 11:25:53,-1.0,141.55,13.04,53.49
Flower power 1099,PI040298AD5I211178,2018-09-19 11:40:53,-1.0,143.43,12.78,54.59
Flower power 1099,PI040298AD5I211178,2018-09-19 11:55:53,-1.0,143.43,13.16,54.2
Flower power 1099,PI040298AD5I211178,2018-09-19 12:10:53,-1.0,143.43,12.78,54.26
Flower power 1099,PI040298AD5I211178,2018-09-19 12:25:53,-1.0,141.55,12.78,52.8
Flower power 1099,PI040298AD5I211178,2018-09-19 12:40:53,-1.0,84.32,13.04,53.18
Flower power 1099,PI040298AD5I211178,2018-09-19 12:55:53,-1.0,61.04,13.16,50.59
Flower power 1099,PI040298AD5I211178,2018-09-19 13:10:53,-1.0,109.7,13.29,52.3
Flower power 1099,PI040298AD5I211178,2018-09-19 13:25:53,-1.0,134.49,13.29,55.0
Flower power 1099,PI040298AD5I211178,2018-09-19 13:40:53,-1.0,128.09,13.04,54.72
Flower power 1099,PI040298AD5I211178,2018-09-19 13:55:53,-1.0,125.11,13.16,54.39
Flower power 1099,PI040298AD5I211178,2018-09-19 14:10:53,-1.0,120.88,13.29,52.8
Flower power 1099,PI040298AD5I211178,2018-09-19 14:25:53,-1.0,30.72,13.04,48.83
Flower power 1099,PI040298AD5I211178,2018-09-19 14:40:53,-1.0,101.34,13.16,48.43
Flower power 1099,PI040298AD5I211178,2018-09-19 14:55:53,-1.0,99.44,13.29,47.13
Flower power 1099,PI040298AD5I211178,2018-09-19 15:10:53,-1.0,74.69,13.16,41.56
Flower power 1099,PI040298AD5I211178,2018-09-19 15:25:53,-1.0,17.42,13.42,39.41
Flower power 1099,PI040298AD5I211178,2018-09-19 15:40:53,-1.0,69.68,13.55,43.96
Flower power 1099,PI040298AD5I211178,2018-09-19 15:55:53,-1.0,68.31,13.29,44.43
Flower power 1099,PI040298AD5I211178,2018-09-19 16:10:53,-1.0,43.01,13.42,39.75
Flower power 1099,PI040298AD5I211178,2018-09-19 16:25:53,-1.0,50.26,13.42,38.13
Flower power 1099,PI040298AD5I211178,2018-09-19 16:40:53,-1.0,51.02,13.29,40.14
Flower power 1099,PI040298AD5I211178,2018-09-19 16:55:53,-1.0,22.28,12.91,38.27
Flower power 1099,PI040298AD5I211178,2018-09-19 17:10:53,-1.0,17.51,13.42,32.76
Flower power 1099,PI040298AD5I211178,2018-09-19 17:25:53,-1.0,10.78,13.29,30.85
Flower power 1099,PI040298AD5I211178,2018-09-19 17:40:53,-1.0,11.95,13.04,30.01
Flower power 1099,PI040298AD5I211178,2018-09-19 17:55:53,-1.0,5.92,13.29,28.15
Flower power 1099,PI040298AD5I211178,2018-09-19 18:10:53,-1.0,3.74,12.91,26.82
Flower power 1099,PI040298AD5I211178,2018-09-19 18:25:53,-1.0,1.59,13.16,25.47
Flower power 1099,PI040298AD5I211178,2018-09-19 18:40:53,-1.0,0.31,13.16,24.38
Flower power 1099,PI040298AD5I211178,2018-09-19 18:55:53,-1.0,0.1,13.04,23.7
Flower power 1099,PI040298AD5I211178,2018-09-19 19:10:53,-1.0,0.1,13.04,23.19
Flower power 1099,PI040298AD5I211178,2018-09-19 19:25:53,-1.0,0.1,13.04,22.82
Flower power 1099,PI040298AD5I211178,2018-09-19 19:40:53,-1.0,0.1,13.16,22.68
Flower power 1099,PI040298AD5I211178,2018-09-19 19:55:53,-1.0,0.1,13.16,22.49
Flower power 1099,PI040298AD5I211178,2018-09-19 20:10:53,-1.0,0.1,12.78,21.22
Flower power 1099,PI040298AD5I211178,2018-09-19 20:25:53,-1.0,0.1,12.91,20.79
Flower power 1099,PI040298AD5I211178,2018-09-19 20:40:53,-1.0,0.1,12.91,21.07
Flower power 1099,PI040298AD5I211178,2018-09-19 20:55:53,-1.0,0.1,12.91,20.79
Flower power 1099,PI040298AD5I211178,2018-09-19 21:10:53,-1.0,0.1,12.91,20.55
Flower power 1099,PI040298AD5I211178,2018-09-19 21:25:53,-1.0,0.1,12.91,20.45
Flower power 1099,PI040298AD5I211178,2018-09-19 21:40:53,-1.0,0.1,12.78,20.64
Flower power 1099,PI040298AD5I211178,2018-09-19 21:55:53,-1.0,0.1,13.04,19.96
Flower power 1099,PI040298AD5I211178,2018-09-19 22:10:53,-1.0,0.1,12.65,19.48
Flower power 1099,PI040298AD5I211178,2018-09-19 22:25:53,-1.0,0.1,12.91,19.43
Flower power 1099,PI040298AD5I211178,2018-09-19 22:40:53,-1.0,0.1,12.91,20.79
Flower power 1099,PI040298AD5I211178,2018-09-19 22:55:53,-1.0,0.1,12.91,20.35
Flower power 1099,PI040298AD5I211178,2018-09-19 23:10:53,-1.0,0.1,13.16,20.21
Flower power 1099,PI040298AD5I211178,2018-09-19 23:25:53,-1.0,0.1,12.52,19.33
Flower power 1099,PI040298AD5I211178,2018-09-19 23:40:53,-1.0,0.1,12.52,18.88
Flower power 1099,PI040298AD5I211178,2018-09-19 23:55:53,-1.0,0.1,12.52,18.78
Flower power 1099,PI040298AD5I211178,2018-09-20 00:10:53,-1.0,0.1,12.65,17.83
Flower power 1099,PI040298AD5I211178,2018-09-20 00:25:53,-1.0,0.1,12.65,17.93
Flower power 1099,PI040298AD5I211178,2018-09-20 00:40:53,-1.0,0.1,12.78,18.19
Flower power 1099,PI040298AD5I211178,2018-09-20 00:55:53,-1.0,0.1,12.91,18.49
Flower power 1099,PI040298AD5I211178,2018-09-20 01:10:53,-1.0,0.1,12.65,18.19
Flower power 1099,PI040298AD5I211178,2018-09-20 01:25:53,-1.0,0.1,12.78,17.63
Flower power 1099,PI040298AD5I211178,2018-09-20 01:40:53,-1.0,0.1,12.91,17.83
Flower power 1099,PI040298AD5I211178,2018-09-20 01:55:53,-1.0,0.1,12.65,17.68
Flower power 1099,PI040298AD5I211178,2018-09-20 02:10:53,-1.0,0.1,13.04,17.98
Flower power 1099,PI040298AD5I211178,2018-09-20 02:25:53,-1.0,0.1,12.65,17.73
Flower power 1099,PI040298AD5I211178,2018-09-20 02:40:53,-1.0,0.1,12.78,17.32
Flower power 1099,PI040298AD5I211178,2018-09-20 02:55:53,-1.0,0.1,12.91,17.12
Flower power 1099,PI040298AD5I211178,2018-09-20 03:10:53,-1.0,0.1,12.4,16.81
Flower power 1099,PI040298AD5I211178,2018-09-20 03:25:53,-1.0,0.1,12.65,16.5
Flower power 1099,PI040298AD5I211178,2018-09-20 03:40:53,-1.0,0.1,12.91,16.14
Flower power 1099,PI040298AD5I211178,2018-09-20 03:55:53,-1.0,0.1,12.78,16.34
Flower power 1099,PI040298AD5I211178,2018-09-20 04:10:53,-1.0,0.1,12.78,16.24
Flower power 1099,PI040298AD5I211178,2018-09-20 04:25:53,-1.0,0.1,12.91,16.55
Flower power 1099,PI040298AD5I211178,2018-09-20 04:40:53,-1.0,0.1,12.52,16.5
Flower power 1099,PI040298AD5I211178,2018-09-20 04:55:53,-1.0,0.1,12.65,16.76
Flower power 1099,PI040298AD5I211178,2018-09-20 05:10:53,-1.0,0.1,12.65,16.6
Flower power 1099,PI040298AD5I211178,2018-09-20 05:25:53,-1.0,0.1,12.52,16.71
Flower power 1099,PI040298AD5I211178,2018-09-20 05:40:53,-1.0,0.1,12.78,16.81
Flower power 1099,PI040298AD5I211178,2018-09-20 05:55:53,-1.0,0.1,12.91,16.66
Flower power 1099,PI040298AD5I211178,2018-09-20 06:10:53,-1.0,0.17,12.78,16.76
Flower power 1099,PI040298AD5I211178,2018-09-20 06:25:53,-1.0,1.2,12.52,16.86
Flower power 1099,PI040298AD5I211178,2018-09-20 06:40:53,-1.0,3.2,13.04,17.53
Flower power 1099,PI040298AD5I211178,2018-09-20 06:55:53,-1.0,5.16,12.52,18.19
Flower power 1099,PI040298AD5I211178,2018-09-20 07:10:53,-1.0,7.01,12.78,19.33
Flower power 1099,PI040298AD5I211178,2018-09-20 07:25:53,-1.0,9.39,12.52,20.45
Flower power 1099,PI040298AD5I211178,2018-09-20 07:40:53,-1.0,12.23,12.78,22.54
Flower power 1099,PI040298AD5I211178,2018-09-20 07:55:53,-1.0,15.78,12.65,25.11
Flower power 1099,PI040298AD5I211178,2018-09-20 08:10:53,-1.0,24.77,12.78,29.66
Flower power 1099,PI040298AD5I211178,2018-09-20 08:25:53,-1.0,39.94,12.78,31.78
Flower power 1099,PI040298AD5I211178,2018-09-20 08:40:53,-1.0,31.01,12.65,31.12
Flower power 1099,PI040298AD5I211178,2018-09-20 08:55:53,-1.0,55.44,12.91,36.0
Flower power 1099,PI040298AD5I211178,2018-09-20 09:10:53,-1.0,47.9,13.04,37.94
Flower power 1099,PI040298AD5I211178,2018-09-20 09:25:53,-1.0,93.29,12.78,38.7
Flower power 1099,PI040298AD5I211178,2018-09-20 09:40:53,-1.0,103.31,12.78,41.26
Flower power 1099,PI040298AD5I211178,2018-09-20 09:55:53,-1.0,112.01,12.91,41.16
Flower power 1099,PI040298AD5I211178,2018-09-20 10:10:53,-1.0,114.41,13.04,41.26
Flower power 1099,PI040298AD5I211178,2018-09-20 10:25:53,-1.0,101.34,12.65,41.81
Flower power 1099,PI040298AD5I211178,2018-09-20 10:40:53,-1.0,43.57,12.78,40.14
Flower power 1099,PI040298AD5I211178,2018-09-20 10:55:53,-1.0,134.49,12.78,44.96
Flower power 1099,PI040298AD5I211178,2018-09-20 11:10:53,-1.0,136.19,13.04,45.92
Flower power 1099,PI040298AD5I211178,2018-09-20 11:25:53,-1.0,137.93,13.16,49.3
Flower power 1099,PI040298AD5I211178,2018-09-20 11:40:53,-1.0,139.72,13.16,49.41
Flower power 1099,PI040298AD5I211178,2018-09-20 11:55:53,-1.0,141.55,13.04,50.71
Flower power 1099,PI040298AD5I211178,2018-09-20 12:10:53,-1.0,141.55,13.16,51.5
Flower power 1099,PI040298AD5I211178,2018-09-20 12:25:53,-1.0,131.22,13.29,49.53
Flower power 1099,PI040298AD5I211178,2018-09-20 12:40:53,-1.0,136.19,13.29,50.71
Flower power 1099,PI040298AD5I211178,2018-09-20 12:55:53,-1.0,131.22,13.29,49.35
Flower power 1099,PI040298AD5I211178,2018-09-20 13:10:53,-1.0,114.41,12.91,48.95
Flower power 1099,PI040298AD5I211178,2018-09-20 13:25:53,-1.0,131.22,13.16,52.42
Flower power 1099,PI040298AD5I211178,2018-09-20 13:40:53,-1.0,126.58,13.04,51.14
Flower power 1099,PI040298AD5I211178,2018-09-20 13:55:53,-1.0,122.26,13.16,52.8
Flower power 1099,PI040298AD5I211178,2018-09-20 14:10:53,-1.0,116.91,13.29,52.24
Flower power 1099,PI040298AD5I211178,2018-09-20 14:25:53,-1.0,43.76,13.29,47.19
Flower power 1099,PI040298AD5I211178,2018-09-20 14:40:53,-1.0,99.44,13.29,50.18
Flower power 1099,PI040298AD5I211178,2018-09-20 14:55:53,-1.0,94.97,13.29,46.41
Flower power 1099,PI040298AD5I211178,2018-09-20 15:10:53,-1.0,19.15,13.29,41.16
Flower power 1099,PI040298AD5I211178,2018-09-20 15:25:53,-1.0,18.31,13.16,40.28
Flower power 1099,PI040298AD5I211178,2018-09-20 15:40:53,-1.0,61.04,13.16,44.53
Flower power 1099,PI040298AD5I211178,2018-09-20 15:55:53,-1.0,72.1,13.29,43.49
Flower power 1099,PI040298AD5I211178,2018-09-20 16:10:53,-1.0,55.15,13.29,39.94
Flower power 1099,PI040298AD5I211178,2018-09-20 16:25:53,-1.0,55.15,12.91,38.51
Flower power 1099,PI040298AD5I211178,2018-09-20 16:40:53,-1.0,40.92,13.42,38.04
Flower power 1099,PI040298AD5I211178,2018-09-20 16:55:53,-1.0,21.88,13.04,34.95
Flower power 1099,PI040298AD5I211178,2018-09-20 17:10:53,-1.0,15.5,13.42,31.91
Flower power 1099,PI040298AD5I211178,2018-09-20 17:25:53,-1.0,10.56,13.16,30.19
Flower power 1099,PI040298AD5I211178,2018-09-20 17:40:53,-1.0,11.13,13.16,29.35
Flower power 1099,PI040298AD5I211178,2018-09-20 17:55:53,-1.0,5.84,12.91,27.89
Flower power 1099,PI040298AD5I211178,2018-09-20 18:10:53,-1.0,3.57,12.78,26.69
Flower power 1099,PI040298AD5I211178,2018-09-20 18:25:53,-1.0,1.47,12.91,25.52
Flower power 1099,PI040298AD5I211178,2018-09-20 18:40:53,-1.0,0.27,13.29,24.38
Flower power 1099,PI040298AD5I211178,2018-09-20 18:55:53,-1.0,0.1,13.04,23.28
Flower power 1099,PI040298AD5I211178,2018-09-20 19:10:53,-1.0,0.1,12.91,22.68
Flower power 1099,PI040298AD5I211178,2018-09-20 19:25:53,-1.0,0.1,12.78,22.35
Flower power 1099,PI040298AD5I211178,2018-09-20 19:40:53,-1.0,0.1,13.16,22.12
Flower power 1099,PI040298AD5I211178,2018-09-20 19:55:53,-1.0,0.1,13.16,21.93
Flower power 1099,PI040298AD5I211178,2018-09-20 20:10:53,-1.0,0.1,12.78,21.6
Flower power 1099,PI040298AD5I211178,2018-09-20 20:25:53,-1.0,0.1,12.91,21.64
Flower power 1099,PI040298AD5I211178,2018-09-20 20:40:53,-1.0,0.1,13.04,21.83
Flower power 1099,PI040298AD5I211178,2018-09-20 20:55:53,-1.0,0.1,13.04,21.88
Flower power 1099,PI040298AD5I211178,2018-09-20 21:10:53,-1.0,0.1,13.04,21.5
Flower power 1099,PI040298AD5I211178,2018-09-20 21:25:53,-1.0,0.1,12.52,21.31
Flower power 1099,PI040298AD5I211178,2018-09-20 21:40:53,-1.0,0.1,13.04,20.93
Flower power 1099,PI040298AD5I211178,2018-09-20 21:55:53,-1.0,0.1,12.91,21.69
Flower power 1099,PI040298AD5I211178,2018-09-20 22:10:53,-1.0,0.1,13.16,21.17
Flower power 1099,PI040298AD5I211178,2018-09-20 22:25:53,-1.0,0.1,13.16,21.88
Flower power 1099,PI040298AD5I211178,2018-09-20 22:40:53,-1.0,0.1,12.78,22.12
Flower power 1099,PI040298AD5I211178,2018-09-20 22:55:53,-1.0,0.1,12.91,20.98
Flower power 1099,PI040298AD5I211178,2018-09-20 23:10:53,-1.0,0.1,12.91,20.16
Flower power 1099,PI040298AD5I211178,2018-09-20 23:25:53,-1.0,0.1,12.65,20.35
Flower power 1099,PI040298AD5I211178,2018-09-20 23:40:53,-1.0,0.1,12.52,20.79
Flower power 1099,PI040298AD5I211178,2018-09-20 23:55:53,-1.0,0.1,12.78,20.3
Flower power 1099,PI040298AD5I211178,2018-09-21 00:10:53,-1.0,0.1,12.91,20.3
Flower power 1099,PI040298AD5I211178,2018-09-21 00:25:53,-1.0,0.1,12.78,19.53
Flower power 1099,PI040298AD5I211178,2018-09-21 00:40:53,-1.0,0.1,13.04,19.62
Flower power 1099,PI040298AD5I211178,2018-09-21 00:55:53,-1.0,0.1,12.91,19.48
Flower power 1099,PI040298AD5I211178,2018-09-21 01:10:53,-1.0,0.1,12.91,19.08
Flower power 1099,PI040298AD5I211178,2018-09-21 01:25:53,-1.0,0.1,12.91,18.74
Flower power 1099,PI040298AD5I211178,2018-09-21 01:40:53,-1.0,0.1,12.78,18.93
Flower power 1099,PI040298AD5I211178,2018-09-21 01:55:53,-1.0,0.1,12.65,18.39
Flower power 1099,PI040298AD5I211178,2018-09-21 02:10:53,-1.0,0.1,12.65,17.88
Flower power 1099,PI040298AD5I211178,2018-09-21 02:25:53,-1.0,0.1,12.52,17.73
Flower power 1099,PI040298AD5I211178,2018-09-21 02:40:53,-1.0,0.1,12.78,17.78
Flower power 1099,PI040298AD5I211178,2018-09-21 02:55:53,-1.0,0.1,12.65,17.53
Flower power 1099,PI040298AD5I211178,2018-09-21 03:10:53,-1.0,0.1,12.65,17.53
Flower power 1099,PI040298AD5I211178,2018-09-21 03:25:53,-1.0,0.1,13.04,18.13
Flower power 1099,PI040298AD5I211178,2018-09-21 03:40:53,-1.0,0.1,12.78,18.49
Flower power 1099,PI040298AD5I211178,2018-09-21 03:55:53,-1.0,0.1,12.65,18.13
Flower power 1099,PI040298AD5I211178,2018-09-21 04:10:53,-1.0,0.1,12.4,17.53
Flower power 1099,PI040298AD5I211178,2018-09-21 04:25:53,-1.0,0.1,12.4,16.45
Flower power 1099,PI040298AD5I211178,2018-09-21 04:40:53,-1.0,0.1,12.52,15.72
Flower power 1099,PI040298AD5I211178,2018-09-21 04:55:53,-1.0,0.1,12.65,14.97
Flower power 1099,PI040298AD5I211178,2018-09-21 05:10:53,-1.0,0.1,12.78,14.92
Flower power 1099,PI040298AD5I211178,2018-09-21 05:25:53,-1.0,0.1,12.78,14.54
Flower power 1099,PI040298AD5I211178,2018-09-21 05:40:53,-1.0,0.1,12.52,14.76
Flower power 1099,PI040298AD5I211178,2018-09-21 05:55:53,-1.0,0.1,12.65,14.7
Flower power 1099,PI040298AD5I211178,2018-09-21 06:10:53,-1.0,0.13,12.4,15.13
Flower power 1099,PI040298AD5I211178,2018-09-21 06:25:53,-1.0,1.03,12.65,15.4
Flower power 1099,PI040298AD5I211178,2018-09-21 06:40:53,-1.0,2.93,12.65,15.87
Flower power 1099,PI040298AD5I211178,2018-09-21 06:55:53,-1.0,5.06,12.52,17.17
Flower power 1099,PI040298AD5I211178,2018-09-21 07:10:53,-1.0,6.93,12.91,18.83
Flower power 1099,PI040298AD5I211178,2018-09-21 07:25:53,-1.0,8.97,12.4,19.96
Flower power 1099,PI040298AD5I211178,2018-09-21 07:40:53,-1.0,11.45,12.78,21.6
Flower power 1099,PI040298AD5I211178,2018-09-21 07:55:53,-1.0,13.06,12.65,23.47
Flower power 1099,PI040298AD5I211178,2018-09-21 08:10:53,-1.0,28.5,12.65,27.67
Flower power 1099,PI040298AD5I211178,2018-09-21 08:25:53,-1.0,22.8,12.91,30.1
Flower power 1099,PI040298AD5I211178,2018-09-21 08:40:53,-1.0,21.44,12.91,29.92
Flower power 1099,PI040298AD5I211178,2018-09-21 08:55:53,-1.0,52.06,12.4,36.09
Flower power 1099,PI040298AD5I211178,2018-09-21 09:10:53,-1.0,51.02,12.78,37.06
Flower power 1099,PI040298AD5I211178,2018-09-21 09:25:53,-1.0,75.77,12.52,38.98
Flower power 1099,PI040298AD5I211178,2018-09-21 09:40:53,-1.0,101.34,12.78,40.04
Flower power 1099,PI040298AD5I211178,2018-09-21 09:55:53,-1.0,105.36,12.52,41.86
Flower power 1099,PI040298AD5I211178,2018-09-21 10:10:53,-1.0,112.01,12.91,41.61
Flower power 1099,PI040298AD5I211178,2018-09-21 10:25:53,-1.0,116.91,12.91,42.21
Flower power 1099,PI040298AD5I211178,2018-09-21 10:40:53,-1.0,46.15,13.04,40.14
Flower power 1099,PI040298AD5I211178,2018-09-21 10:55:53,-1.0,120.88,12.78,45.92
Flower power 1099,PI040298AD5I211178,2018-09-21 11:10:53,-1.0,136.19,12.65,50.0
Flower power 1099,PI040298AD5I211178,2018-09-21 11:25:53,-1.0,137.93,12.91,51.99
Flower power 1099,PI040298AD5I211178,2018-09-21 11:40:53,-1.0,141.55,13.16,52.49
Flower power 1099,PI040298AD5I211178,2018-09-21 11:55:53,-1.0,139.72,13.04,53.18
Flower power 1099,PI040298AD5I211178,2018-09-21 12:10:53,-1.0,141.55,12.91,53.3
Flower power 1099,PI040298AD5I211178,2018-09-21 12:25:53,-1.0,129.64,13.29,50.95
Flower power 1099,PI040298AD5I211178,2018-09-21 12:40:53,-1.0,105.36,13.16,51.5
Flower power 1099,PI040298AD5I211178,2018-09-21 12:55:53,-1.0,68.31,13.04,48.09
Flower power 1099,PI040298AD5I211178,2018-09-21 13:10:53,-1.0,107.49,12.78,51.14
Flower power 1099,PI040298AD5I211178,2018-09-21 13:25:53,-1.0,129.64,13.16,52.67
Flower power 1099,PI040298AD5I211178,2018-09-21 13:40:53,-1.0,128.09,12.91,52.24
Flower power 1099,PI040298AD5I211178,2018-09-21 13:55:53,-1.0,49.29,13.04,49.41
Flower power 1099,PI040298AD5I211178,2018-09-21 14:10:53,-1.0,116.91,12.91,51.56
Flower power 1099,PI040298AD5I211178,2018-09-21 14:25:53,-1.0,65.29,12.91,51.32
Flower power 1099,PI040298AD5I211178,2018-09-21 14:40:53,-1.0,103.31,12.91,49.12
Flower power 1099,PI040298AD5I211178,2018-09-21 14:55:53,-1.0,96.71,13.16,46.85
Flower power 1099,PI040298AD5I211178,2018-09-21 15:10:53,-1.0,43.2,13.42,42.42
Flower power 1099,PI040298AD5I211178,2018-09-21 15:25:53,-1.0,15.91,13.04,41.46
Flower power 1099,PI040298AD5I211178,2018-09-21 15:40:53,-1.0,57.62,13.42,44.16
Flower power 1099,PI040298AD5I211178,2018-09-21 15:55:53,-1.0,54.56,13.29,44.53
Flower power 1099,PI040298AD5I211178,2018-09-21 16:10:53,-1.0,47.67,13.04,39.89
Flower power 1099,PI040298AD5I211178,2018-09-21 16:25:53,-1.0,53.14,13.29,38.51
Flower power 1099,PI040298AD5I211178,2018-09-21 16:40:53,-1.0,50.01,13.42,39.22
Flower power 1099,PI040298AD5I211178,2018-09-21 16:55:53,-1.0,27.63,13.16,36.96
Flower power 1099,PI040298AD5I211178,2018-09-21 17:10:53,-1.0,13.08,12.91,33.56
Flower power 1099,PI040298AD5I211178,2018-09-21 17:25:53,-1.0,9.23,12.91,30.59
Flower power 1099,PI040298AD5I211178,2018-09-21 17:40:53,-1.0,9.24,13.42,29.35
Flower power 1099,PI040298AD5I211178,2018-09-21 17:55:53,-1.0,5.33,13.16,27.76
Flower power 1099,PI040298AD5I211178,2018-09-21 18:10:53,-1.0,3.31,13.29,26.78
Flower power 1099,PI040298AD5I211178,2018-09-21 18:25:53,-1.0,1.34,13.29,26.01
Flower power 1099,PI040298AD5I211178,2018-09-21 18:40:53,-1.0,0.22,13.16,25.29
Flower power 1099,PI040298AD5I211178,2018-09-21 18:55:53,-1.0,0.1,13.29,24.52
Flower power 1099,PI040298AD5I211178,2018-09-21 19:10:53,-1.0,0.1,12.91,24.25
Flower power 1099,PI040298AD5I211178,2018-09-21 19:25:53,-1.0,0.1,12.78,23.56
Flower power 1099,PI040298AD5I211178,2018-09-21 19:40:53,-1.0,0.1,12.91,22.54
Flower power 1099,PI040298AD5I211178,2018-09-21 19:55:53,-1.0,0.1,13.04,22.07
Flower power 1099,PI040298AD5I211178,2018-09-21 20:10:53,-1.0,0.1,13.16,21.83
Flower power 1099,PI040298AD5I211178,2018-09-21 20:25:53,-1.0,0.1,13.16,21.69
Flower power 1099,PI040298AD5I211178,2018-09-21 20:40:53,-1.0,0.1,12.78,21.22
Flower power 1099,PI040298AD5I211178,2018-09-21 20:55:53,-1.0,0.1,13.04,20.93
Flower power 1099,PI040298AD5I211178,2018-09-21 21:10:53,-1.0,0.1,13.04,21.03
Flower power 1099,PI040298AD5I211178,2018-09-21 21:25:53,-1.0,0.1,13.16,20.83
Flower power 1099,PI040298AD5I211178,2018-09-21 21:40:53,-1.0,0.1,12.65,20.59
Flower power 1099,PI040298AD5I211178,2018-09-21 21:55:53,-1.0,0.1,12.91,20.35
Flower power 1099,PI040298AD5I211178,2018-09-21 22:10:53,-1.0,0.1,12.78,20.3
Flower power 1099,PI040298AD5I211178,2018-09-21 22:25:53,-1.0,0.1,12.91,20.21
Flower power 1099,PI040298AD5I211178,2018-09-21 22:40:53,-1.0,0.1,12.91,20.4
Flower power 1099,PI040298AD5I211178,2018-09-21 22:55:53,-1.0,0.1,12.78,20.59
Flower power 1099,PI040298AD5I211178,2018-09-21 23:10:53,-1.0,0.1,12.65,20.98
Flower power 1099,PI040298AD5I211178,2018-09-21 23:25:53,-1.0,0.1,12.65,20.69
Flower power 1099,PI040298AD5I211178,2018-09-21 23:40:53,-1.0,0.1,12.65,20.35
Flower power 1099,PI040298AD5I211178,2018-09-21 23:55:53,-1.0,0.1,12.91,19.87
Flower power 1099,PI040298AD5I211178,2018-09-22 00:10:53,-1.0,0.1,12.78,20.35
Flower power 1099,PI040298AD5I211178,2018-09-22 00:25:53,-1.0,0.1,12.65,19.53
Flower power 1099,PI040298AD5I211178,2018-09-22 00:40:53,-1.0,0.1,12.91,18.83
Flower power 1099,PI040298AD5I211178,2018-09-22 00:55:53,-1.0,0.1,12.65,18.03
Flower power 1099,PI040298AD5I211178,2018-09-22 01:10:53,-1.0,0.1,12.78,18.34
Flower power 1099,PI040298AD5I211178,2018-09-22 01:25:53,-1.0,0.1,12.78,18.24
Flower power 1099,PI040298AD5I211178,2018-09-22 01:40:53,-1.0,0.1,12.78,18.03
Flower power 1099,PI040298AD5I211178,2018-09-22 01:55:53,-1.0,0.1,12.91,17.83
Flower power 1099,PI040298AD5I211178,2018-09-22 02:10:53,-1.0,0.1,12.78,17.68
Flower power 1099,PI040298AD5I211178,2018-09-22 02:25:53,-1.0,0.1,12.78,17.63
Flower power 1099,PI040298AD5I211178,2018-09-22 02:40:53,-1.0,0.1,12.78,17.53
Flower power 1099,PI040298AD5I211178,2018-09-22 02:55:53,-1.0,0.1,12.78,17.27
Flower power 1099,PI040298AD5I211178,2018-09-22 03:10:53,-1.0,0.1,12.65,17.32
Flower power 1099,PI040298AD5I211178,2018-09-22 03:25:53,-1.0,0.1,12.78,17.68
Flower power 1099,PI040298AD5I211178,2018-09-22 03:40:53,-1.0,0.1,12.78,17.22
Flower power 1099,PI040298AD5I211178,2018-09-22 03:55:53,-1.0,0.1,12.52,16.86
Flower power 1099,PI040298AD5I211178,2018-09-22 04:10:53,-1.0,0.1,12.78,16.66
Flower power 1099,PI040298AD5I211178,2018-09-22 04:25:53,-1.0,0.1,12.4,16.45
Flower power 1099,PI040298AD5I211178,2018-09-22 04:40:53,-1.0,0.1,12.91,16.71
Flower power 1099,PI040298AD5I211178,2018-09-22 04:55:53,-1.0,0.1,12.78,16.24
Flower power 1099,PI040298AD5I211178,2018-09-22 05:10:53,-1.0,0.1,13.04,16.6
Flower power 1099,PI040298AD5I211178,2018-09-22 05:25:53,-1.0,0.1,12.4,17.12
Flower power 1099,PI040298AD5I211178,2018-09-22 05:40:53,-1.0,0.1,12.27,16.71
Flower power 1099,PI040298AD5I211178,2018-09-22 05:55:53,-1.0,0.1,12.65,16.66
Flower power 1099,PI040298AD5I211178,2018-09-22 06:10:53,-1.0,0.1,12.52,16.29
Flower power 1099,PI040298AD5I211178,2018-09-22 06:25:53,-1.0,0.96,12.52,16.66
Flower power 1099,PI040298AD5I211178,2018-09-22 06:40:53,-1.0,2.81,12.78,17.27
Flower power 1099,PI040298AD5I211178,2018-09-22 06:55:53,-1.0,4.93,12.52,18.03
Flower power 1099,PI040298AD5I211178,2018-09-22 07:10:53,-1.0,6.78,12.78,18.78
Flower power 1099,PI040298AD5I211178,2018-09-22 07:25:53,-1.0,8.61,12.65,20.06
Flower power 1099,PI040298AD5I211178,2018-09-22 07:40:53,-1.0,13.02,12.78,21.88
Flower power 1099,PI040298AD5I211178,2018-09-22 07:55:53,-1.0,13.26,12.78,24.02
Flower power 1099,PI040298AD5I211178,2018-09-22 08:10:53,-1.0,19.19,12.78,27.58
Flower power 1099,PI040298AD5I211178,2018-09-22 08:25:53,-1.0,42.29,12.52,31.73
Flower power 1099,PI040298AD5I211178,2018-09-22 08:40:53,-1.0,37.41,12.78,32.76
Flower power 1099,PI040298AD5I211178,2018-09-22 08:55:53,-1.0,41.94,12.78,39.12
Flower power 1099,PI040298AD5I211178,2018-09-22 09:10:53,-1.0,52.59,12.65,39.94
Flower power 1099,PI040298AD5I211178,2018-09-22 09:25:53,-1.0,48.58,13.04,41.12
Flower power 1099,PI040298AD5I211178,2018-09-22 09:40:53,-1.0,87.85,12.52,41.96
Flower power 1099,PI040298AD5I211178,2018-09-22 09:55:53,-1.0,69.22,12.91,42.72
Flower power 1099,PI040298AD5I211178,2018-09-22 10:10:53,-1.0,58.28,13.04,43.75
Flower power 1099,PI040298AD5I211178,2018-09-22 10:25:53,-1.0,29.79,12.65,45.71
Flower power 1099,PI040298AD5I211178,2018-09-22 10:40:53,-1.0,24.58,13.04,42.21
Flower power 1099,PI040298AD5I211178,2018-09-22 10:55:53,-1.0,37.84,12.91,46.69
Flower power 1099,PI040298AD5I211178,2018-09-22 11:10:53,-1.0,137.93,12.65,49.53
Flower power 1099,PI040298AD5I211178,2018-09-22 11:25:53,-1.0,139.72,13.16,52.8
Flower power 1099,PI040298AD5I211178,2018-09-22 11:40:53,-1.0,141.55,13.16,53.24
Flower power 1099,PI040298AD5I211178,2018-09-22 11:55:53,-1.0,143.43,13.16,54.33
Flower power 1099,PI040298AD5I211178,2018-09-22 12:10:53,-1.0,143.43,13.16,55.0
Flower power 1099,PI040298AD5I211178,2018-09-22 12:25:53,-1.0,107.49,12.91,51.08
Flower power 1099,PI040298AD5I211178,2018-09-22 12:40:53,-1.0,115.65,13.04,52.86
Flower power 1099,PI040298AD5I211178,2018-09-22 12:55:53,-1.0,92.48,13.04,48.43
Flower power 1099,PI040298AD5I211178,2018-09-22 13:10:53,-1.0,125.11,13.29,51.5
Flower power 1099,PI040298AD5I211178,2018-09-22 13:25:53,-1.0,134.49,13.29,53.62
Flower power 1099,PI040298AD5I211178,2018-09-22 13:40:53,-1.0,129.64,12.91,53.24
Flower power 1099,PI040298AD5I211178,2018-09-22 13:55:53,-1.0,72.1,13.16,50.65
Flower power 1099,PI040298AD5I211178,2018-09-22 14:10:53,-1.0,119.53,13.16,52.49
Flower power 1099,PI040298AD5I211178,2018-09-22 14:25:53,-1.0,112.01,12.91,51.93
Flower power 1099,PI040298AD5I211178,2018-09-22 14:40:53,-1.0,78.04,13.29,49.0
Flower power 1099,PI040298AD5I211178,2018-09-22 14:55:53,-1.0,98.51,12.91,47.36
Flower power 1099,PI040298AD5I211178,2018-09-22 15:10:53,-1.0,21.4,13.42,42.11
Flower power 1099,PI040298AD5I211178,2018-09-22 15:25:53,-1.0,15.3,13.04,41.76
Flower power 1099,PI040298AD5I211178,2018-09-22 15:40:53,-1.0,50.51,13.29,46.2
Flower power 1099,PI040298AD5I211178,2018-09-22 15:55:53,-1.0,74.16,13.16,47.86
Flower power 1099,PI040298AD5I211178,2018-09-22 16:10:53,-1.0,38.42,13.16,41.86
Flower power 1099,PI040298AD5I211178,2018-09-22 16:25:53,-1.0,49.05,13.29,41.66
Flower power 1099,PI040298AD5I211178,2018-09-22 16:40:53,-1.0,50.76,13.29,41.86
Flower power 1099,PI040298AD5I211178,2018-09-22 16:55:53,-1.0,38.71,13.16,40.92
Flower power 1099,PI040298AD5I211178,2018-09-22 17:10:53,-1.0,19.38,13.29,35.77
Flower power 1099,PI040298AD5I211178,2018-09-22 17:25:53,-1.0,9.74,13.16,32.53
Flower power 1099,PI040298AD5I211178,2018-09-22 17:40:53,-1.0,9.08,13.16,30.59
Flower power 1099,PI040298AD5I211178,2018-09-22 17:55:53,-1.0,5.23,13.16,27.71
Flower power 1099,PI040298AD5I211178,2018-09-22 18:10:53,-1.0,3.69,13.29,25.7
Flower power 1099,PI040298AD5I211178,2018-09-22 18:25:53,-1.0,1.3,13.04,24.57
Flower power 1099,PI040298AD5I211178,2018-09-22 18:40:53,-1.0,0.17,12.91,22.96
Flower power 1099,PI040298AD5I211178,2018-09-22 18:55:53,-1.0,0.1,13.29,22.63
Flower power 1099,PI040298AD5I211178,2018-09-22 19:10:53,-1.0,0.1,13.29,22.72
Flower power 1099,PI040298AD5I211178,2018-09-22 19:25:53,-1.0,0.1,13.04,22.58
Flower power 1099,PI040298AD5I211178,2018-09-22 19:40:53,-1.0,0.1,12.91,22.35
Flower power 1099,PI040298AD5I211178,2018-09-22 19:55:53,-1.0,0.1,13.04,22.72
Flower power 1099,PI040298AD5I211178,2018-09-22 20:10:53,-1.0,0.1,13.16,22.77
Flower power 1099,PI040298AD5I211178,2018-09-22 20:25:53,-1.0,0.1,13.16,22.35
Flower power 1099,PI040298AD5I211178,2018-09-22 20:40:53,-1.0,0.1,12.78,20.21
Flower power 1099,PI040298AD5I211178,2018-09-22 20:55:53,-1.0,0.1,12.91,19.87
Flower power 1099,PI040298AD5I211178,2018-09-22 21:10:53,-1.0,0.1,12.91,19.43
Flower power 1099,PI040298AD5I211178,2018-09-22 21:25:53,-1.0,0.1,13.04,19.28
Flower power 1099,PI040298AD5I211178,2018-09-22 21:40:53,-1.0,0.1,12.91,19.18
Flower power 1099,PI040298AD5I211178,2018-09-22 21:55:53,-1.0,0.1,12.65,19.13
Flower power 1099,PI040298AD5I211178,2018-09-22 22:10:53,-1.0,0.1,12.52,19.28
Flower power 1099,PI040298AD5I211178,2018-09-22 22:25:53,-1.0,0.1,12.91,19.43
Flower power 1099,PI040298AD5I211178,2018-09-22 22:40:53,-1.0,0.1,12.78,19.72
Flower power 1099,PI040298AD5I211178,2018-09-22 22:55:53,-1.0,0.1,13.04,19.67
Flower power 1099,PI040298AD5I211178,2018-09-22 23:10:53,-1.0,0.1,12.91,19.38
Flower power 1099,PI040298AD5I211178,2018-09-22 23:25:53,-1.0,0.1,12.65,19.13
Flower power 1099,PI040298AD5I211178,2018-09-22 23:40:53,-1.0,0.1,13.04,18.24
Flower power 1099,PI040298AD5I211178,2018-09-22 23:55:53,-1.0,0.1,13.04,19.23
Flower power 1099,PI040298AD5I211178,2018-09-23 00:10:53,-1.0,0.1,12.91,18.39
Flower power 1099,PI040298AD5I211178,2018-09-23 00:25:53,-1.0,0.1,12.78,17.27
Flower power 1099,PI040298AD5I211178,2018-09-23 00:40:53,-1.0,0.1,12.65,17.17
Flower power 1099,PI040298AD5I211178,2018-09-23 00:55:53,-1.0,0.1,12.52,17.22
Flower power 1099,PI040298AD5I211178,2018-09-23 01:10:53,-1.0,0.1,12.78,17.83
Flower power 1099,PI040298AD5I211178,2018-09-23 01:25:53,-1.0,0.1,13.04,17.63
Flower power 1099,PI040298AD5I211178,2018-09-23 01:40:53,-1.0,0.1,13.04,17.88
Flower power 1099,PI040298AD5I211178,2018-09-23 01:55:53,-1.0,0.1,12.78,17.73
Flower power 1099,PI040298AD5I211178,2018-09-23 02:10:53,-1.0,0.1,12.78,17.53
Flower power 1099,PI040298AD5I211178,2018-09-23 02:25:53,-1.0,0.1,12.52,17.43
Flower power 1099,PI040298AD5I211178,2018-09-23 02:40:53,-1.0,0.1,12.65,17.12
Flower power 1099,PI040298AD5I211178,2018-09-23 02:55:53,-1.0,0.1,12.52,17.58
Flower power 1099,PI040298AD5I211178,2018-09-23 03:10:53,-1.0,0.1,12.91,18.03
Flower power 1099,PI040298AD5I211178,2018-09-23 03:25:53,-1.0,0.1,12.78,17.98
Flower power 1099,PI040298AD5I211178,2018-09-23 03:40:53,-1.0,0.1,12.91,17.53
Flower power 1099,PI040298AD5I211178,2018-09-23 03:55:53,-1.0,0.1,13.04,17.53
Flower power 1099,PI040298AD5I211178,2018-09-23 04:10:53,-1.0,0.1,12.78,17.17
Flower power 1099,PI040298AD5I211178,2018-09-23 04:25:53,-1.0,0.1,12.52,17.73
Flower power 1099,PI040298AD5I211178,2018-09-23 04:40:53,-1.0,0.1,12.65,17.88
Flower power 1099,PI040298AD5I211178,2018-09-23 04:55:53,-1.0,0.1,12.65,17.43
Flower power 1099,PI040298AD5I211178,2018-09-23 05:10:53,-1.0,0.1,12.91,16.66
Flower power 1099,PI040298AD5I211178,2018-09-23 05:25:53,-1.0,0.1,12.91,17.27
Flower power 1099,PI040298AD5I211178,2018-09-23 05:40:53,-1.0,0.1,12.4,16.76
Flower power 1099,PI040298AD5I211178,2018-09-23 05:55:53,-1.0,0.1,12.91,16.97
Flower power 1099,PI040298AD5I211178,2018-09-23 06:10:53,-1.0,0.1,12.78,17.02
Flower power 1099,PI040298AD5I211178,2018-09-23 06:25:53,-1.0,0.89,12.91,16.4
Flower power 1099,PI040298AD5I211178,2018-09-23 06:40:53,-1.0,2.68,12.78,17.12
Flower power 1099,PI040298AD5I211178,2018-09-23 06:55:53,-1.0,4.66,12.78,18.29
Flower power 1099,PI040298AD5I211178,2018-09-23 07:10:53,-1.0,6.3,12.91,18.64
Flower power 1099,PI040298AD5I211178,2018-09-23 07:25:53,-1.0,7.98,12.65,20.11
Flower power 1099,PI040298AD5I211178,2018-09-23 07:40:53,-1.0,11.22,12.78,21.79
Flower power 1099,PI040298AD5I211178,2018-09-23 07:55:53,-1.0,12.36,12.91,23.83
Flower power 1099,PI040298AD5I211178,2018-09-23 08:10:53,-1.0,24.34,12.4,26.19
Flower power 1099,PI040298AD5I211178,2018-09-23 08:25:53,-1.0,35.55,12.65,31.69
Flower power 1099,PI040298AD5I211178,2018-09-23 08:40:53,-1.0,53.42,12.4,33.51
Flower power 1099,PI040298AD5I211178,2018-09-23 08:55:53,-1.0,50.76,12.52,39.65
Flower power 1099,PI040298AD5I211178,2018-09-23 09:10:53,-1.0,41.94,12.52,40.04
Flower power 1099,PI040298AD5I211178,2018-09-23 09:25:53,-1.0,47.67,12.78,42.16
Flower power 1099,PI040298AD5I211178,2018-09-23 09:40:53,-1.0,58.95,12.52,42.31
Flower power 1099,PI040298AD5I211178,2018-09-23 09:55:53,-1.0,56.36,12.78,41.66
Flower power 1099,PI040298AD5I211178,2018-09-23 10:10:53,-1.0,46.58,12.78,43.28
Flower power 1099,PI040298AD5I211178,2018-09-23 10:25:53,-1.0,42.83,12.91,45.44
Flower power 1099,PI040298AD5I211178,2018-09-23 10:40:53,-1.0,51.53,12.91,43.18
Flower power 1099,PI040298AD5I211178,2018-09-23 10:55:53,-1.0,70.63,13.04,48.43
Flower power 1099,PI040298AD5I211178,2018-09-23 11:10:53,-1.0,131.22,12.91,52.3
Flower power 1099,PI040298AD5I211178,2018-09-23 11:25:53,-1.0,137.93,12.65,53.3
Flower power 1099,PI040298AD5I211178,2018-09-23 11:40:53,-1.0,139.72,13.04,53.37
Flower power 1099,PI040298AD5I211178,2018-09-23 11:55:53,-1.0,141.55,12.78,53.24
Flower power 1099,PI040298AD5I211178,2018-09-23 12:10:53,-1.0,141.55,13.04,55.0
Flower power 1099,PI040298AD5I211178,2018-09-23 12:25:53,-1.0,118.21,12.78,51.75
Flower power 1099,PI040298AD5I211178,2018-09-23 12:40:53,-1.0,129.64,12.78,53.49
Flower power 1099,PI040298AD5I211178,2018-09-23 12:55:53,-1.0,51.53,13.04,47.75
Flower power 1099,PI040298AD5I211178,2018-09-23 13:10:53,-1.0,132.84,13.29,52.61
Flower power 1099,PI040298AD5I211178,2018-09-23 13:25:53,-1.0,129.64,13.16,53.69
Flower power 1099,PI040298AD5I211178,2018-09-23 13:40:53,-1.0,126.58,13.16,53.49
Flower power 1099,PI040298AD5I211178,2018-09-23 13:55:53,-1.0,45.53,13.29,52.24
Flower power 1099,PI040298AD5I211178,2018-09-23 14:10:53,-1.0,115.65,13.04,53.81
Flower power 1099,PI040298AD5I211178,2018-09-23 14:25:53,-1.0,108.59,13.16,54.52
Flower power 1099,PI040298AD5I211178,2018-09-23 14:40:53,-1.0,101.34,13.16,51.2
Flower power 1099,PI040298AD5I211178,2018-09-23 14:55:53,-1.0,94.97,13.04,49.65
Flower power 1099,PI040298AD5I211178,2018-09-23 15:10:53,-1.0,18.42,13.29,44.64
Flower power 1099,PI040298AD5I211178,2018-09-23 15:25:53,-1.0,17.8,13.42,44.22
Flower power 1099,PI040298AD5I211178,2018-09-23 15:40:53,-1.0,43.01,13.04,47.19
Flower power 1099,PI040298AD5I211178,2018-09-23 15:55:53,-1.0,70.15,13.29,49.18
Flower power 1099,PI040298AD5I211178,2018-09-23 16:10:53,-1.0,40.43,13.16,44.11
Flower power 1099,PI040298AD5I211178,2018-09-23 16:25:53,-1.0,47.01,13.04,42.52
Flower power 1099,PI040298AD5I211178,2018-09-23 16:40:53,-1.0,45.74,13.29,42.31
Flower power 1099,PI040298AD5I211178,2018-09-23 16:55:53,-1.0,33.98,13.29,39.85
Flower power 1099,PI040298AD5I211178,2018-09-23 17:10:53,-1.0,23.18,13.16,36.13
Flower power 1099,PI040298AD5I211178,2018-09-23 17:25:53,-1.0,9.14,13.04,33.07
Flower power 1099,PI040298AD5I211178,2018-09-23 17:40:53,-1.0,7.7,13.16,31.6
Flower power 1099,PI040298AD5I211178,2018-09-23 17:55:53,-1.0,4.98,12.78,29.83
Flower power 1099,PI040298AD5I211178,2018-09-23 18:10:53,-1.0,2.87,13.29,28.24
Flower power 1099,PI040298AD5I211178,2018-09-23 18:25:53,-1.0,1.01,13.16,26.42
Flower power 1099,PI040298AD5I211178,2018-09-23 18:40:53,-1.0,0.13,12.91,25.47
Flower power 1099,PI040298AD5I211178,2018-09-23 18:55:53,-1.0,0.1,13.04,24.89
Flower power 1099,PI040298AD5I211178,2018-09-23 19:10:53,-1.0,0.1,12.91,24.29
Flower power 1099,PI040298AD5I211178,2018-09-23 19:25:53,-1.0,0.1,13.04,23.97
Flower power 1099,PI040298AD5I211178,2018-09-23 19:40:53,-1.0,0.1,12.78,23.65
Flower power 1099,PI040298AD5I211178,2018-09-23 19:55:53,-1.0,0.1,12.65,23.37
Flower power 1099,PI040298AD5I211178,2018-09-23 20:10:53,-1.0,0.1,12.78,23.79
Flower power 1099,PI040298AD5I211178,2018-09-23 20:25:53,-1.0,0.1,12.78,23.79
Flower power 1099,PI040298AD5I211178,2018-09-23 20:40:53,-1.0,0.1,13.04,24.06
Flower power 1099,PI040298AD5I211178,2018-09-23 20:55:53,-1.0,0.1,12.78,24.02
Flower power 1099,PI040298AD5I211178,2018-09-23 21:10:53,-1.0,0.1,13.16,23.7
Flower power 1099,PI040298AD5I211178,2018-09-23 21:25:53,-1.0,0.1,12.78,23.28
Flower power 1099,PI040298AD5I211178,2018-09-23 21:40:53,-1.0,0.1,12.91,22.4
Flower power 1099,PI040298AD5I211178,2018-09-23 21:55:53,-1.0,0.1,12.91,21.64
Flower power 1099,PI040298AD5I211178,2018-09-23 22:10:53,-1.0,0.1,12.91,21.83
Flower power 1099,PI040298AD5I211178,2018-09-23 22:25:53,-1.0,0.1,12.78,20.88
Flower power 1099,PI040298AD5I211178,2018-09-23 22:40:53,-1.0,0.1,12.91,19.72
Flower power 1099,PI040298AD5I211178,2018-09-23 22:55:53,-1.0,0.1,12.91,19.53
Flower power 1099,PI040298AD5I211178,2018-09-23 23:10:53,-1.0,0.1,12.65,19.53
Flower power 1099,PI040298AD5I211178,2018-09-23 23:25:53,-1.0,0.1,12.91,19.38
Flower power 1099,PI040298AD5I211178,2018-09-23 23:40:53,-1.0,0.1,13.04,19.13
Flower power 1099,PI040298AD5I211178,2018-09-23 23:55:53,-1.0,0.1,12.65,19.33
Flower power 1099,PI040298AD5I211178,2018-09-24 00:10:53,-1.0,0.1,13.04,19.13
Flower power 1099,PI040298AD5I211178,2018-09-24 00:25:53,-1.0,0.1,12.91,18.74
Flower power 1099,PI040298AD5I211178,2018-09-24 00:40:53,-1.0,0.1,13.04,18.78
Flower power 1099,PI040298AD5I211178,2018-09-24 00:55:53,-1.0,0.1,13.04,18.44
Flower power 1099,PI040298AD5I211178,2018-09-24 01:10:53,-1.0,0.1,12.78,18.29
Flower power 1099,PI040298AD5I211178,2018-09-24 01:25:53,-1.0,0.1,12.65,18.29
Flower power 1099,PI040298AD5I211178,2018-09-24 01:40:53,-1.0,0.1,13.04,17.98
Flower power 1099,PI040298AD5I211178,2018-09-24 01:55:53,-1.0,0.1,12.91,18.08
Flower power 1099,PI040298AD5I211178,2018-09-24 02:10:53,-1.0,0.1,12.52,17.98
Flower power 1099,PI040298AD5I211178,2018-09-24 02:25:53,-1.0,0.1,12.4,17.98
Flower power 1099,PI040298AD5I211178,2018-09-24 02:40:53,-1.0,0.1,12.65,18.19
Flower power 1099,PI040298AD5I211178,2018-09-24 02:55:53,-1.0,0.1,12.52,18.03
Flower power 1099,PI040298AD5I211178,2018-09-24 03:10:53,-1.0,0.1,12.52,18.03
Flower power 1099,PI040298AD5I211178,2018-09-24 03:25:53,-1.0,0.1,12.65,18.29
Flower power 1099,PI040298AD5I211178,2018-09-24 03:40:53,-1.0,0.1,12.78,18.08
Flower power 1099,PI040298AD5I211178,2018-09-24 03:55:53,-1.0,0.1,12.4,17.98
Flower power 1099,PI040298AD5I211178,2018-09-24 04:10:53,-1.0,0.1,12.78,17.58
Flower power 1099,PI040298AD5I211178,2018-09-24 04:25:53,-1.0,0.1,12.78,17.63
Flower power 1099,PI040298AD5I211178,2018-09-24 04:40:53,-1.0,0.1,12.52,17.73
Flower power 1099,PI040298AD5I211178,2018-09-24 04:55:53,-1.0,0.1,12.78,18.19
Flower power 1099,PI040298AD5I211178,2018-09-24 05:10:53,-1.0,0.1,12.78,18.29
Flower power 1099,PI040298AD5I211178,2018-09-24 05:25:53,-1.0,0.1,12.91,18.08
Flower power 1099,PI040298AD5I211178,2018-09-24 05:40:53,-1.0,0.1,12.91,18.03
Flower power 1099,PI040298AD5I211178,2018-09-24 05:55:53,-1.0,0.1,12.91,18.39
Flower power 1099,PI040298AD5I211178,2018-09-24 06:10:53,-1.0,0.1,12.65,18.19
Flower power 1099,PI040298AD5I211178,2018-09-24 06:25:53,-1.0,0.81,12.4,18.03
Flower power 1099,PI040298AD5I211178,2018-09-24 06:40:53,-1.0,2.64,12.91,19.43
Flower power 1099,PI040298AD5I211178,2018-09-24 06:55:53,-1.0,4.91,12.65,20.01
Flower power 1099,PI040298AD5I211178,2018-09-24 07:10:53,-1.0,6.89,12.78,20.11
Flower power 1099,PI040298AD5I211178,2018-09-24 07:25:53,-1.0,8.76,12.65,21.41
Flower power 1099,PI040298AD5I211178,2018-09-24 07:40:53,-1.0,14.94,12.78,23.19
Flower power 1099,PI040298AD5I211178,2018-09-24 07:55:53,-1.0,13.99,12.78,25.11
Flower power 1099,PI040298AD5I211178,2018-09-24 08:10:53,-1.0,49.53,12.65,28.15
Flower power 1099,PI040298AD5I211178,2018-09-24 08:25:53,-1.0,26.73,12.4,32.18
Flower power 1099,PI040298AD5I211178,2018-09-24 08:40:53,-1.0,51.53,12.78,35.45
Flower power 1099,PI040298AD5I211178,2018-09-24 08:55:53,-1.0,44.14,12.91,39.8
Flower power 1099,PI040298AD5I211178,2018-09-24 09:10:53,-1.0,39.63,12.52,39.7
Flower power 1099,PI040298AD5I211178,2018-09-24 09:25:00,-1.0,61.04,12.91,42.72
Flower power 1099,PI040298AD5I211178,2018-09-24 09:40:00,-1.0,62.91,12.65,42.82
Flower power 1099,PI040298AD5I211178,2018-09-24 09:55:00,-1.0,58.61,12.52,43.39
Flower power 1099,PI040298AD5I211178,2018-09-24 10:10:00,-1.0,101.34,12.78,44.53
Flower power 1099,PI040298AD5I211178,2018-09-24 10:25:00,-1.0,50.26,12.65,46.58
Flower power 1099,PI040298AD5I211178,2018-09-24 10:40:00,-1.0,87.85,13.04,44.37
Flower power 1099,PI040298AD5I211178,2018-09-24 10:55:00,-1.0,98.51,12.65,49.88
Flower power 1099,PI040298AD5I211178,2018-09-24 11:10:00,-1.0,132.84,12.78,51.5
Flower power 1099,PI040298AD5I211178,2018-09-24 11:25:00,-1.0,136.19,12.91,53.56
Flower power 1099,PI040298AD5I211178,2018-09-24 11:40:00,-1.0,137.93,13.16,55.0
Flower power 1099,PI040298AD5I211178,2018-09-24 11:55:00,-1.0,137.93,13.04,55.0
Flower power 1099,PI040298AD5I211178,2018-09-24 12:10:00,-1.0,137.93,13.04,54.92
Flower power 1099,PI040298AD5I211178,2018-09-24 12:25:00,-1.0,109.7,13.29,51.81
Flower power 1099,PI040298AD5I211178,2018-09-24 12:40:00,-1.0,132.84,13.04,55.0
Flower power 1099,PI040298AD5I211178,2018-09-24 12:55:00,-1.0,93.29,13.16,48.95
Flower power 1099,PI040298AD5I211178,2018-09-24 13:10:00,-1.0,123.67,13.16,52.55
Flower power 1099,PI040298AD5I211178,2018-09-24 13:25:00,-1.0,126.58,12.78,54.46
Flower power 1099,PI040298AD5I211178,2018-09-24 13:40:00,-1.0,123.67,13.04,53.56
Flower power 1099,PI040298AD5I211178,2018-09-24 13:55:00,-1.0,86.41,13.16,52.49
Flower power 1099,PI040298AD5I211178,2018-09-24 14:10:00,-1.0,113.2,13.16,52.61
Flower power 1099,PI040298AD5I211178,2018-09-24 14:25:00,-1.0,105.36,13.04,54.2
Flower power 1099,PI040298AD5I211178,2018-09-24 14:40:00,-1.0,98.51,13.16,50.95
Flower power 1099,PI040298AD5I211178,2018-09-24 14:55:00,-1.0,91.67,13.04,52.86
Flower power 1099,PI040298AD5I211178,2018-09-24 15:10:00,-1.0,86.41,13.16,51.99
Flower power 1099,PI040298AD5I211178,2018-09-24 15:25:00,-1.0,21.49,13.04,46.41
Flower power 1099,PI040298AD5I211178,2018-09-24 15:40:00,-1.0,18.78,13.29,44.16
Flower power 1099,PI040298AD5I211178,2018-09-24 15:55:00,-1.0,39.01,13.04,45.71
Flower power 1099,PI040298AD5I211178,2018-09-24 16:10:00,-1.0,57.3,13.16,43.7
Flower power 1099,PI040298AD5I211178,2018-09-24 16:25:00,-1.0,50.26,13.29,42.62
Flower power 1099,PI040298AD5I211178,2018-09-24 16:40:00,-1.0,44.53,13.29,43.64
Flower power 1099,PI040298AD5I211178,2018-09-24 16:55:00,-1.0,32.75,13.16,41.21
Flower power 1099,PI040298AD5I211178,2018-09-24 17:10:00,-1.0,16.15,13.42,35.59
Flower power 1099,PI040298AD5I211178,2018-09-24 17:25:00,-1.0,9.35,13.04,33.02
Flower power 1099,PI040298AD5I211178,2018-09-24 17:40:00,-1.0,7.34,13.16,31.6
Flower power 1099,PI040298AD5I211178,2018-09-24 17:55:00,-1.0,4.92,12.91,29.79
Flower power 1099,PI040298AD5I211178,2018-09-24 18:10:00,-1.0,2.67,13.16,28.46
Flower power 1099,PI040298AD5I211178,2018-09-24 18:25:00,-1.0,0.86,12.91,27.0
Flower power 1099,PI040298AD5I211178,2018-09-24 18:40:00,-1.0,0.1,13.04,25.52
Flower power 1099,PI040298AD5I211178,2018-09-24 18:55:00,-1.0,0.1,13.16,24.43
Flower power 1099,PI040298AD5I211178,2018-09-24 19:10:00,-1.0,0.1,13.16,23.97
Flower power 1099,PI040298AD5I211178,2018-09-24 19:25:00,-1.0,0.1,13.04,23.7
Flower power 1099,PI040298AD5I211178,2018-09-24 19:40:00,-1.0,0.1,13.04,23.47
Flower power 1099,PI040298AD5I211178,2018-09-24 19:55:00,-1.0,0.1,12.91,22.86
Flower power 1099,PI040298AD5I211178,2018-09-24 20:10:00,-1.0,0.1,12.78,23.14
Flower power 1099,PI040298AD5I211178,2018-09-24 20:25:00,-1.0,0.1,12.91,22.21
Flower power 1099,PI040298AD5I211178,2018-09-24 20:40:00,-1.0,0.1,12.65,22.54
Flower power 1099,PI040298AD5I211178,2018-09-24 20:55:00,-1.0,0.1,12.91,22.68
Flower power 1099,PI040298AD5I211178,2018-09-24 21:10:00,-1.0,0.1,12.91,22.16
Flower power 1099,PI040298AD5I211178,2018-09-24 21:25:00,-1.0,0.1,13.04,21.64
Flower power 1099,PI040298AD5I211178,2018-09-24 21:40:00,-1.0,0.1,12.65,21.22
Flower power 1099,PI040298AD5I211178,2018-09-24 21:55:00,-1.0,0.1,13.04,21.31
Flower power 1099,PI040298AD5I211178,2018-09-24 22:10:00,-1.0,0.1,13.04,22.49
Flower power 1099,PI040298AD5I211178,2018-09-24 22:25:00,-1.0,0.1,13.04,21.93
Flower power 1099,PI040298AD5I211178,2018-09-24 22:40:00,-1.0,0.1,12.65,21.64
Flower power 1099,PI040298AD5I211178,2018-09-24 22:55:00,-1.0,0.1,13.04,20.83
Flower power 1099,PI040298AD5I211178,2018-09-24 23:10:00,-1.0,0.1,12.78,20.59
Flower power 1099,PI040298AD5I211178,2018-09-24 23:25:00,-1.0,0.1,12.4,20.21
Flower power 1099,PI040298AD5I211178,2018-09-24 23:40:00,-1.0,0.1,13.04,21.17
Flower power 1099,PI040298AD5I211178,2018-09-24 23:55:00,-1.0,0.1,12.52,19.53
Flower power 1099,PI040298AD5I211178,2018-09-25 00:10:00,-1.0,0.1,12.65,18.78
Flower power 1099,PI040298AD5I211178,2018-09-25 00:25:00,-1.0,0.1,12.4,18.64
Flower power 1099,PI040298AD5I211178,2018-09-25 00:40:00,-1.0,0.1,12.78,18.39
Flower power 1099,PI040298AD5I211178,2018-09-25 00:55:00,-1.0,0.1,12.65,18.13
Flower power 1099,PI040298AD5I211178,2018-09-25 01:10:00,-1.0,0.1,13.04,18.34
Flower power 1099,PI040298AD5I211178,2018-09-25 01:25:00,-1.0,0.1,12.52,18.59
Flower power 1099,PI040298AD5I211178,2018-09-25 01:40:00,-1.0,0.1,12.4,18.19
Flower power 1099,PI040298AD5I211178,2018-09-25 01:55:00,-1.0,0.1,12.78,18.59
Flower power 1099,PI040298AD5I211178,2018-09-25 02:10:00,-1.0,0.1,12.78,18.64
Flower power 1099,PI040298AD5I211178,2018-09-25 02:25:00,-1.0,0.1,12.65,18.34
Flower power 1099,PI040298AD5I211178,2018-09-25 02:40:00,-1.0,0.1,12.52,17.93
Flower power 1099,PI040298AD5I211178,2018-09-25 02:55:00,-1.0,0.1,12.4,17.98
Flower power 1099,PI040298AD5I211178,2018-09-25 03:10:00,-1.0,0.1,12.91,17.58
Flower power 1099,PI040298AD5I211178,2018-09-25 03:25:00,-1.0,0.1,12.65,17.27
Flower power 1099,PI040298AD5I211178,2018-09-25 03:40:00,-1.0,0.1,12.78,16.97
Flower power 1099,PI040298AD5I211178,2018-09-25 03:55:00,-1.0,0.1,12.91,16.71
Flower power 1099,PI040298AD5I211178,2018-09-25 04:10:00,-1.0,0.1,12.52,16.6
Flower power 1099,PI040298AD5I211178,2018-09-25 04:25:00,-1.0,0.1,12.78,16.66
Flower power 1099,PI040298AD5I211178,2018-09-25 04:40:00,-1.0,0.1,12.52,17.02
Flower power 1099,PI040298AD5I211178,2018-09-25 04:55:00,-1.0,0.1,12.78,16.76
Flower power 1099,PI040298AD5I211178,2018-09-25 05:10:00,-1.0,0.1,12.27,16.81
Flower power 1099,PI040298AD5I211178,2018-09-25 05:25:00,-1.0,0.1,12.65,16.71
Flower power 1099,PI040298AD5I211178,2018-09-25 05:40:00,-1.0,0.1,12.78,16.55
Flower power 1099,PI040298AD5I211178,2018-09-25 05:55:00,-1.0,0.1,12.78,17.02
Flower power 1099,PI040298AD5I211178,2018-09-25 06:10:00,-1.0,0.1,12.65,16.86
Flower power 1099,PI040298AD5I211178,2018-09-25 06:25:00,-1.0,0.74,12.65,16.97
Flower power 1099,PI040298AD5I211178,2018-09-25 06:40:00,-1.0,2.45,12.65,17.53
Flower power 1099,PI040298AD5I211178,2018-09-25 06:55:00,-1.0,4.39,12.27,18.08
Flower power 1099,PI040298AD5I211178,2018-09-25 07:10:00,-1.0,5.99,12.4,19.03
Flower power 1099,PI040298AD5I211178,2018-09-25 07:25:00,-1.0,7.53,12.52,20.21
Flower power 1099,PI040298AD5I211178,2018-09-25 07:40:00,-1.0,11.44,12.52,22.44
Flower power 1099,PI040298AD5I211178,2018-09-25 07:55:00,-1.0,10.69,12.91,24.52
Flower power 1099,PI040298AD5I211178,2018-09-25 08:10:00,-1.0,44.14,12.78,28.91
Flower power 1099,PI040298AD5I211178,2018-09-25 08:25:00,-1.0,26.02,12.65,31.38
Flower power 1099,PI040298AD5I211178,2018-09-25 08:40:00,-1.0,57.3,12.65,35.54
Flower power 1099,PI040298AD5I211178,2018-09-25 08:55:00,-1.0,35.81,12.65,37.15
Flower power 1099,PI040298AD5I211178,2018-09-25 09:10:00,-1.0,33.41,12.65,38.37
Flower power 1099,PI040298AD5I211178,2018-09-25 09:25:00,-1.0,56.98,12.78,40.67
Flower power 1099,PI040298AD5I211178,2018-09-25 09:40:00,-1.0,65.29,12.91,41.31
Flower power 1099,PI040298AD5I211178,2018-09-25 09:55:00,-1.0,31.4,12.78,40.62
Flower power 1099,PI040298AD5I211178,2018-09-25 10:10:00,-1.0,119.53,12.78,42.57
Flower power 1099,PI040298AD5I211178,2018-09-25 10:25:00,-1.0,32.32,12.65,41.71
Flower power 1099,PI040298AD5I211178,2018-09-25 10:40:00,-1.0,116.91,12.78,41.12
Flower power 1099,PI040298AD5I211178,2018-09-25 10:55:00,-1.0,105.36,12.78,46.03
Flower power 1099,PI040298AD5I211178,2018-09-25 11:10:00,-1.0,123.67,12.78,48.09
Flower power 1099,PI040298AD5I211178,2018-09-25 11:25:00,-1.0,141.55,13.04,48.66
Flower power 1099,PI040298AD5I211178,2018-09-25 11:40:00,-1.0,143.43,12.52,49.88
Flower power 1099,PI040298AD5I211178,2018-09-25 11:55:00,-1.0,143.43,12.78,49.47
Flower power 1099,PI040298AD5I211178,2018-09-25 12:10:00,-1.0,143.43,13.04,50.06
Flower power 1099,PI040298AD5I211178,2018-09-25 12:25:00,-1.0,103.31,12.65,48.14
Flower power 1099,PI040298AD5I211178,2018-09-25 12:40:00,-1.0,141.55,13.04,47.86
Flower power 1099,PI040298AD5I211178,2018-09-25 12:55:00,-1.0,54.27,13.04,43.13
Flower power 1099,PI040298AD5I211178,2018-09-25 13:10:00,-1.0,112.01,13.16,46.36
Flower power 1099,PI040298AD5I211178,2018-09-25 13:25:00,-1.0,128.09,13.29,46.52
Flower power 1099,PI040298AD5I211178,2018-09-25 13:40:00,-1.0,125.11,12.78,45.65
Flower power 1099,PI040298AD5I211178,2018-09-25 13:55:00,-1.0,119.53,12.91,46.47
Flower power 1099,PI040298AD5I211178,2018-09-25 14:10:00,-1.0,113.2,13.16,46.2
Flower power 1099,PI040298AD5I211178,2018-09-25 14:25:00,-1.0,107.49,13.16,46.8
Flower power 1099,PI040298AD5I211178,2018-09-25 14:40:00,-1.0,99.44,13.04,44.27
Flower power 1099,PI040298AD5I211178,2018-09-25 14:55:00,-1.0,93.29,12.78,44.37
Flower power 1099,PI040298AD5I211178,2018-09-25 15:10:00,-1.0,17.51,12.91,38.89
Flower power 1099,PI040298AD5I211178,2018-09-25 15:25:00,-1.0,16.51,13.29,37.57
Flower power 1099,PI040298AD5I211178,2018-09-25 15:40:00,-1.0,24.16,13.16,40.48
Flower power 1099,PI040298AD5I211178,2018-09-25 15:55:00,-1.0,67.86,13.29,40.97
Flower power 1099,PI040298AD5I211178,2018-09-25 16:10:00,-1.0,58.95,13.16,37.52
Flower power 1099,PI040298AD5I211178,2018-09-25 16:25:00,-1.0,37.84,13.16,36.0
Flower power 1099,PI040298AD5I211178,2018-09-25 16:40:00,-1.0,47.01,12.91,36.87
Flower power 1099,PI040298AD5I211178,2018-09-25 16:55:00,-1.0,34.09,13.16,35.86
Flower power 1099,PI040298AD5I211178,2018-09-25 17:10:00,-1.0,10.29,13.16,30.76
Flower power 1099,PI040298AD5I211178,2018-09-25 17:25:00,-1.0,8.69,13.29,28.69
Flower power 1099,PI040298AD5I211178,2018-09-25 17:40:00,-1.0,6.8,13.04,27.62
Flower power 1099,PI040298AD5I211178,2018-09-25 17:55:00,-1.0,4.55,12.91,26.28
Flower power 1099,PI040298AD5I211178,2018-09-25 18:10:00,-1.0,2.49,13.16,25.38
Flower power 1099,PI040298AD5I211178,2018-09-25 18:25:00,-1.0,0.75,13.04,24.16
Flower power 1099,PI040298AD5I211178,2018-09-25 18:40:00,-1.0,0.1,12.65,22.58
Flower power 1099,PI040298AD5I211178,2018-09-25 18:55:00,-1.0,0.1,12.65,21.93
Flower power 1099,PI040298AD5I211178,2018-09-25 19:10:00,-1.0,0.1,13.04,21.17
Flower power 1099,PI040298AD5I211178,2018-09-25 19:25:00,-1.0,0.1,12.78,20.98
Flower power 1099,PI040298AD5I211178,2018-09-25 19:40:00,-1.0,0.1,12.91,20.55
Flower power 1099,PI040298AD5I211178,2018-09-25 19:55:00,-1.0,0.1,12.78,19.96
Flower power 1099,PI040298AD5I211178,2018-09-25 20:10:00,-1.0,0.1,12.52,19.96
Flower power 1099,PI040298AD5I211178,2018-09-25 20:25:00,-1.0,0.1,12.65,19.82
Flower power 1099,PI040298AD5I211178,2018-09-25 20:40:00,-1.0,0.1,12.91,19.53
Flower power 1099,PI040298AD5I211178,2018-09-25 20:55:00,-1.0,0.1,13.16,19.72
Flower power 1099,PI040298AD5I211178,2018-09-25 21:10:00,-1.0,0.1,12.65,19.62
Flower power 1099,PI040298AD5I211178,2018-09-25 21:25:00,-1.0,0.1,12.52,19.38
Flower power 1099,PI040298AD5I211178,2018-09-25 21:40:00,-1.0,0.1,12.78,19.96
Flower power 1099,PI040298AD5I211178,2018-09-25 21:55:00,-1.0,0.1,12.4,19.62
Flower power 1099,PI040298AD5I211178,2018-09-25 22:10:00,-1.0,0.1,12.78,19.57
Flower power 1099,PI040298AD5I211178,2018-09-25 22:25:00,-1.0,0.1,12.78,19.23
Flower power 1099,PI040298AD5I211178,2018-09-25 22:40:00,-1.0,0.1,12.78,19.33
Flower power 1099,PI040298AD5I211178,2018-09-25 22:55:00,-1.0,0.1,12.52,18.88
Flower power 1099,PI040298AD5I211178,2018-09-25 23:10:00,-1.0,0.1,13.04,18.88
Flower power 1099,PI040298AD5I211178,2018-09-25 23:25:00,-1.0,0.1,13.04,18.59
Flower power 1099,PI040298AD5I211178,2018-09-25 23:40:00,-1.0,0.1,12.91,18.69
Flower power 1099,PI040298AD5I211178,2018-09-25 23:55:00,-1.0,0.1,13.04,18.74
Flower power 1099,PI040298AD5I211178,2018-09-26 00:10:00,-1.0,0.1,12.4,18.59
Flower power 1099,PI040298AD5I211178,2018-09-26 00:25:00,-1.0,0.1,13.04,18.78
Flower power 1099,PI040298AD5I211178,2018-09-26 00:40:00,-1.0,0.1,12.52,18.69
Flower power 1099,PI040298AD5I211178,2018-09-26 00:55:00,-1.0,0.1,12.4,18.54
Flower power 1099,PI040298AD5I211178,2018-09-26 01:10:00,-1.0,0.1,12.78,18.39
Flower power 1099,PI040298AD5I211178,2018-09-26 01:25:00,-1.0,0.1,12.4,18.13
Flower power 1099,PI040298AD5I211178,2018-09-26 01:40:00,-1.0,0.1,13.04,18.03
Flower power 1099,PI040298AD5I211178,2018-09-26 01:55:00,-1.0,0.1,12.91,17.88
Flower power 1099,PI040298AD5I211178,2018-09-26 02:10:00,-1.0,0.1,12.91,18.08
Flower power 1099,PI040298AD5I211178,2018-09-26 02:25:00,-1.0,0.1,12.91,18.74
Flower power 1099,PI040298AD5I211178,2018-09-26 02:40:00,-1.0,0.1,12.52,18.39
Flower power 1099,PI040298AD5I211178,2018-09-26 02:55:00,-1.0,0.1,12.91,18.13
Flower power 1099,PI040298AD5I211178,2018-09-26 03:10:00,-1.0,0.1,12.91,18.08
Flower power 1099,PI040298AD5I211178,2018-09-26 03:25:00,-1.0,0.1,12.78,18.08
Flower power 1099,PI040298AD5I211178,2018-09-26 03:40:00,-1.0,0.1,12.78,18.19
Flower power 1099,PI040298AD5I211178,2018-09-26 03:55:00,-1.0,0.1,12.4,18.88
Flower power 1099,PI040298AD5I211178,2018-09-26 04:10:00,-1.0,0.1,12.52,19.43
Flower power 1099,PI040298AD5I211178,2018-09-26 04:25:00,-1.0,0.1,12.52,19.92
Flower power 1099,PI040298AD5I211178,2018-09-26 04:40:00,-1.0,0.1,12.52,19.57
Flower power 1099,PI040298AD5I211178,2018-09-26 04:55:00,-1.0,0.1,12.78,18.83
Flower power 1099,PI040298AD5I211178,2018-09-26 05:10:00,-1.0,0.1,12.4,19.48
Flower power 1099,PI040298AD5I211178,2018-09-26 05:25:00,-1.0,0.1,12.78,19.23
Flower power 1099,PI040298AD5I211178,2018-09-26 05:40:00,-1.0,0.1,12.52,19.18
Flower power 1099,PI040298AD5I211178,2018-09-26 05:55:00,-1.0,0.1,12.52,19.96
Flower power 1099,PI040298AD5I211178,2018-09-26 06:10:00,-1.0,0.1,12.4,20.01
Flower power 1099,PI040298AD5I211178,2018-09-26 06:25:00,-1.0,0.66,12.4,19.87
Flower power 1099,PI040298AD5I211178,2018-09-26 06:40:00,-1.0,2.3,12.52,20.21
Flower power 1099,PI040298AD5I211178,2018-09-26 06:55:00,-1.0,4.45,12.52,20.93
Flower power 1099,PI040298AD5I211178,2018-09-26 07:10:00,-1.0,6.43,12.52,21.88
Flower power 1099,PI040298AD5I211178,2018-09-26 07:25:00,-1.0,8.38,12.4,23.14
Flower power 1099,PI040298AD5I211178,2018-09-26 07:40:00,-1.0,11.09,12.52,24.98
Flower power 1099,PI040298AD5I211178,2018-09-26 07:55:00,-1.0,11.71,12.27,26.24
Flower power 1099,PI040298AD5I211178,2018-09-26 08:10:00,-1.0,37.0,12.4,28.95
Flower power 1099,PI040298AD5I211178,2018-09-26 08:25:00,-1.0,19.07,12.78,28.95
Flower power 1099,PI040298AD5I211178,2018-09-26 08:40:00,-1.0,48.12,12.4,31.91
Flower power 1099,PI040298AD5I211178,2018-09-26 08:55:00,-1.0,44.33,12.52,32.98
Flower power 1099,PI040298AD5I211178,2018-09-26 09:10:00,-1.0,44.73,12.91,33.96
Flower power 1099,PI040298AD5I211178,2018-09-26 09:25:00,-1.0,47.67,12.78,35.5
Flower power 1099,PI040298AD5I211178,2018-09-26 09:40:00,-1.0,53.98,12.65,36.0
Flower power 1099,PI040298AD5I211178,2018-09-26 09:55:00,-1.0,102.31,13.04,35.77
Flower power 1099,PI040298AD5I211178,2018-09-26 10:10:00,-1.0,113.2,13.04,37.1
Flower power 1099,PI040298AD5I211178,2018-09-26 10:25:00,-1.0,37.0,12.78,37.99
Flower power 1099,PI040298AD5I211178,2018-09-26 10:40:00,-1.0,74.16,12.65,36.82
Flower power 1099,PI040298AD5I211178,2018-09-26 10:55:00,-1.0,95.83,12.52,41.26
Flower power 1099,PI040298AD5I211178,2018-09-26 11:10:00,-1.0,132.84,12.78,44.59
Flower power 1099,PI040298AD5I211178,2018-09-26 11:25:00,-1.0,137.93,12.91,45.17
Flower power 1099,PI040298AD5I211178,2018-09-26 11:40:00,-1.0,139.72,12.91,45.65
Flower power 1099,PI040298AD5I211178,2018-09-26 11:55:00,-1.0,139.72,12.78,46.09
Flower power 1099,PI040298AD5I211178,2018-09-26 12:10:00,-1.0,139.72,12.78,46.41
Flower power 1099,PI040298AD5I211178,2018-09-26 12:25:00,-1.0,139.72,13.16,46.52
Flower power 1099,PI040298AD5I211178,2018-09-26 12:40:00,-1.0,139.72,13.16,45.55
Flower power 1099,PI040298AD5I211178,2018-09-26 12:55:00,-1.0,49.29,12.91,43.23
Flower power 1099,PI040298AD5I211178,2018-09-26 13:10:00,-1.0,113.2,12.78,44.11
Flower power 1099,PI040298AD5I211178,2018-09-26 13:25:00,-1.0,128.09,13.16,46.3
Flower power 1099,PI040298AD5I211178,2018-09-26 13:40:00,-1.0,122.26,13.16,43.85
Flower power 1099,PI040298AD5I211178,2018-09-26 13:55:00,-1.0,118.21,12.91,45.12
Flower power 1099,PI040298AD5I211178,2018-09-26 14:10:00,-1.0,63.29,13.16,43.44
Flower power 1099,PI040298AD5I211178,2018-09-26 14:25:00,-1.0,105.36,13.16,44.43
Flower power 1099,PI040298AD5I211178,2018-09-26 14:40:00,-1.0,66.13,12.91,40.33
Flower power 1099,PI040298AD5I211178,2018-09-26 14:55:00,-1.0,93.29,13.16,42.92
Flower power 1099,PI040298AD5I211178,2018-09-26 15:10:00,-1.0,16.12,13.04,38.41
Flower power 1099,PI040298AD5I211178,2018-09-26 15:25:00,-1.0,15.6,12.91,38.22
Flower power 1099,PI040298AD5I211178,2018-09-26 15:40:00,-1.0,23.4,13.16,39.65
Flower power 1099,PI040298AD5I211178,2018-09-26 15:55:00,-1.0,16.18,12.91,36.46
Flower power 1099,PI040298AD5I211178,2018-09-26 16:10:00,-1.0,28.42,13.16,37.71
Flower power 1099,PI040298AD5I211178,2018-09-26 16:25:00,-1.0,44.92,12.91,35.27
Flower power 1099,PI040298AD5I211178,2018-09-26 16:40:00,-1.0,41.25,13.04,36.59
Flower power 1099,PI040298AD5I211178,2018-09-26 16:55:00,-1.0,37.55,13.04,35.72
Flower power 1099,PI040298AD5I211178,2018-09-26 17:10:00,-1.0,13.43,12.78,31.43
Flower power 1099,PI040298AD5I211178,2018-09-26 17:25:00,-1.0,9.11,13.16,29.39
Flower power 1099,PI040298AD5I211178,2018-09-26 17:40:00,-1.0,6.88,12.91,28.33
Flower power 1099,PI040298AD5I211178,2018-09-26 17:55:00,-1.0,4.42,13.04,27.31
Flower power 1099,PI040298AD5I211178,2018-09-26 18:10:00,-1.0,2.28,13.16,26.6
Flower power 1099,PI040298AD5I211178,2018-09-26 18:25:00,-1.0,0.62,12.78,25.79
Flower power 1099,PI040298AD5I211178,2018-09-26 18:40:00,-1.0,0.1,13.04,25.29
Flower power 1099,PI040298AD5I211178,2018-09-26 18:55:00,-1.0,0.1,13.04,24.79
Flower power 1099,PI040298AD5I211178,2018-09-26 19:10:00,-1.0,0.1,13.04,24.84
Flower power 1099,PI040298AD5I211178,2018-09-26 19:25:00,-1.0,0.1,13.04,24.43
Flower power 1099,PI040298AD5I211178,2018-09-26 19:40:00,-1.0,0.1,13.04,24.43
Flower power 1099,PI040298AD5I211178,2018-09-26 19:55:00,-1.0,0.1,13.04,24.61
Flower power 1099,PI040298AD5I211178,2018-09-26 20:10:00,-1.0,0.1,12.78,24.48
Flower power 1099,PI040298AD5I211178,2018-09-26 20:25:00,-1.0,0.1,13.04,24.29
Flower power 1099,PI040298AD5I211178,2018-09-26 20:40:00,-1.0,0.1,12.91,23.56
Flower power 1099,PI040298AD5I211178,2018-09-26 20:55:00,-1.0,0.1,12.91,22.91
Flower power 1099,PI040298AD5I211178,2018-09-26 21:10:00,-1.0,0.1,12.91,23.0
Flower power 1099,PI040298AD5I211178,2018-09-26 21:25:00,-1.0,0.1,12.65,22.63
Flower power 1099,PI040298AD5I211178,2018-09-26 21:40:00,-1.0,0.1,12.91,23.1
Flower power 1099,PI040298AD5I211178,2018-09-26 21:55:00,-1.0,0.1,12.91,22.72
Flower power 1099,PI040298AD5I211178,2018-09-26 22:10:00,-1.0,0.1,12.65,23.7
Flower power 1099,PI040298AD5I211178,2018-09-26 22:25:00,-1.0,0.1,12.91,23.7
Flower power 1099,PI040298AD5I211178,2018-09-26 22:40:00,-1.0,0.1,13.04,23.47
Flower power 1099,PI040298AD5I211178,2018-09-26 22:55:00,-1.0,0.1,12.91,23.1
Flower power 1099,PI040298AD5I211178,2018-09-26 23:10:00,-1.0,0.1,12.78,24.02
Flower power 1099,PI040298AD5I211178,2018-09-26 23:25:00,-1.0,0.1,12.91,23.65
Flower power 1099,PI040298AD5I211178,2018-09-26 23:40:00,-1.0,0.1,12.65,23.79
Flower power 1099,PI040298AD5I211178,2018-09-26 23:55:00,-1.0,0.1,12.65,23.93
Flower power 1099,PI040298AD5I211178,2018-09-27 00:10:00,-1.0,0.1,12.52,23.97
Flower power 1099,PI040298AD5I211178,2018-09-27 00:25:00,-1.0,0.1,12.52,24.11
Flower power 1099,PI040298AD5I211178,2018-09-27 00:40:00,-1.0,0.1,12.78,23.97
Flower power 1099,PI040298AD5I211178,2018-09-27 00:55:00,-1.0,0.1,12.52,23.83
Flower power 1099,PI040298AD5I211178,2018-09-27 01:10:00,-1.0,0.1,12.52,23.51
Flower power 1099,PI040298AD5I211178,2018-09-27 01:25:00,-1.0,0.1,12.91,22.96
Flower power 1099,PI040298AD5I211178,2018-09-27 01:40:00,-1.0,0.1,12.65,23.28
Flower power 1099,PI040298AD5I211178,2018-09-27 01:55:00,-1.0,0.1,12.91,23.51
Flower power 1099,PI040298AD5I211178,2018-09-27 02:10:00,-1.0,0.1,13.04,23.6
Flower power 1099,PI040298AD5I211178,2018-09-27 02:25:00,-1.0,0.1,12.78,23.05
Flower power 1099,PI040298AD5I211178,2018-09-27 02:40:00,-1.0,0.1,13.04,22.3
Flower power 1099,PI040298AD5I211178,2018-09-27 02:55:00,-1.0,0.1,12.65,22.21
Flower power 1099,PI040298AD5I211178,2018-09-27 03:10:00,-1.0,0.1,12.4,21.93
Flower power 1099,PI040298AD5I211178,2018-09-27 03:25:00,-1.0,0.1,12.52,21.6
Flower power 1099,PI040298AD5I211178,2018-09-27 03:40:00,-1.0,0.1,12.91,20.83
Flower power 1099,PI040298AD5I211178,2018-09-27 03:55:00,-1.0,0.1,12.78,20.83
Flower power 1099,PI040298AD5I211178,2018-09-27 04:10:00,-1.0,0.1,12.78,20.64
Flower power 1099,PI040298AD5I211178,2018-09-27 04:25:00,-1.0,0.1,12.78,20.11
Flower power 1099,PI040298AD5I211178,2018-09-27 04:40:00,-1.0,0.1,12.78,20.01
Flower power 1099,PI040298AD5I211178,2018-09-27 04:55:00,-1.0,0.1,13.04,20.21
Flower power 1099,PI040298AD5I211178,2018-09-27 05:10:00,-1.0,0.1,12.78,20.3
Flower power 1099,PI040298AD5I211178,2018-09-27 05:25:00,-1.0,0.1,12.91,20.69
Flower power 1099,PI040298AD5I211178,2018-09-27 05:40:00,-1.0,0.1,12.78,20.4
Flower power 1099,PI040298AD5I211178,2018-09-27 05:55:00,-1.0,0.1,12.91,20.3
Flower power 1099,PI040298AD5I211178,2018-09-27 06:10:00,-1.0,0.1,12.78,20.26
Flower power 1099,PI040298AD5I211178,2018-09-27 06:25:00,-1.0,0.58,12.65,20.06
Flower power 1099,PI040298AD5I211178,2018-09-27 06:40:00,-1.0,2.29,12.65,20.64
Flower power 1099,PI040298AD5I211178,2018-09-27 06:55:00,-1.0,4.84,12.52,20.79
Flower power 1099,PI040298AD5I211178,2018-09-27 07:10:00,-1.0,7.29,12.78,21.97
Flower power 1099,PI040298AD5I211178,2018-09-27 07:25:00,-1.0,9.24,13.04,23.28
Flower power 1099,PI040298AD5I211178,2018-09-27 07:40:00,-1.0,11.05,13.04,24.43
Flower power 1099,PI040298AD5I211178,2018-09-27 07:55:00,-1.0,12.78,12.78,25.61
Flower power 1099,PI040298AD5I211178,2018-09-27 08:10:00,-1.0,30.16,12.4,28.2
Flower power 1099,PI040298AD5I211178,2018-09-27 08:25:00,-1.0,22.64,12.91,28.95
Flower power 1099,PI040298AD5I211178,2018-09-27 08:40:00,-1.0,41.77,12.4,32.18
Flower power 1099,PI040298AD5I211178,2018-09-27 08:55:00,-1.0,36.33,13.04,32.0
Flower power 1099,PI040298AD5I211178,2018-09-27 09:10:00,-1.0,66.13,12.78,35.5
Flower power 1099,PI040298AD5I211178,2018-09-27 09:25:00,-1.0,53.7,12.78,37.01
Flower power 1099,PI040298AD5I211178,2018-09-27 09:40:00,-1.0,62.53,12.91,38.79
Flower power 1099,PI040298AD5I211178,2018-09-27 09:55:00,-1.0,51.27,12.91,38.89
Flower power 1099,PI040298AD5I211178,2018-09-27 10:10:00,-1.0,103.31,12.91,39.75
Flower power 1099,PI040298AD5I211178,2018-09-27 10:25:00,-1.0,74.69,13.04,39.03
Flower power 1099,PI040298AD5I211178,2018-09-27 10:40:00,-1.0,122.26,12.91,39.22
Flower power 1099,PI040298AD5I211178,2018-09-27 10:55:00,-1.0,128.09,12.65,43.49
Flower power 1099,PI040298AD5I211178,2018-09-27 11:10:00,-1.0,132.84,13.04,46.58
Flower power 1099,PI040298AD5I211178,2018-09-27 11:25:00,-1.0,134.49,12.78,47.92
Flower power 1099,PI040298AD5I211178,2018-09-27 11:40:00,-1.0,136.19,12.91,47.92
Flower power 1099,PI040298AD5I211178,2018-09-27 11:55:00,-1.0,136.19,13.16,49.24
Flower power 1099,PI040298AD5I211178,2018-09-27 12:10:00,-1.0,137.93,13.29,49.12
Flower power 1099,PI040298AD5I211178,2018-09-27 12:25:00,-1.0,137.93,13.16,49.06
Flower power 1099,PI040298AD5I211178,2018-09-27 12:40:00,-1.0,134.49,13.29,46.97
Flower power 1099,PI040298AD5I211178,2018-09-27 12:55:00,-1.0,97.6,13.29,45.76
Flower power 1099,PI040298AD5I211178,2018-09-27 13:10:00,-1.0,120.88,13.04,45.71
Flower power 1099,PI040298AD5I211178,2018-09-27 13:25:00,-1.0,125.11,13.16,47.47
Flower power 1099,PI040298AD5I211178,2018-09-27 13:40:00,-1.0,115.65,12.91,45.65
Flower power 1099,PI040298AD5I211178,2018-09-27 13:55:00,-1.0,94.97,13.16,45.33
Flower power 1099,PI040298AD5I211178,2018-09-27 14:10:00,-1.0,67.86,13.16,44.27
Flower power 1099,PI040298AD5I211178,2018-09-27 14:25:00,-1.0,101.34,13.04,44.85
Flower power 1099,PI040298AD5I211178,2018-09-27 14:40:00,-1.0,86.41,13.29,41.91
Flower power 1099,PI040298AD5I211178,2018-09-27 14:55:00,-1.0,88.59,13.29,45.82
Flower power 1099,PI040298AD5I211178,2018-09-27 15:10:00,-1.0,61.41,13.42,41.02
Flower power 1099,PI040298AD5I211178,2018-09-27 15:25:00,-1.0,20.32,13.04,38.93
Flower power 1099,PI040298AD5I211178,2018-09-27 15:40:00,-1.0,22.38,13.42,39.03
Flower power 1099,PI040298AD5I211178,2018-09-27 15:55:00,-1.0,59.29,13.16,41.96
Flower power 1099,PI040298AD5I211178,2018-09-27 16:10:00,-1.0,34.33,13.29,40.18
Flower power 1099,PI040298AD5I211178,2018-09-27 16:25:00,-1.0,36.59,13.16,36.78
Flower power 1099,PI040298AD5I211178,2018-09-27 16:40:00,-1.0,39.79,13.29,38.22
Flower power 1099,PI040298AD5I211178,2018-09-27 16:55:00,-1.0,34.21,13.16,37.52
Flower power 1099,PI040298AD5I211178,2018-09-27 17:10:00,-1.0,13.91,13.04,32.27
Flower power 1099,PI040298AD5I211178,2018-09-27 17:25:00,-1.0,10.52,13.42,29.83
Flower power 1099,PI040298AD5I211178,2018-09-27 17:40:00,-1.0,8.07,13.16,28.46
Flower power 1099,PI040298AD5I211178,2018-09-27 17:55:00,-1.0,4.58,13.16,27.44
Flower power 1099,PI040298AD5I211178,2018-09-27 18:10:00,-1.0,2.13,12.91,26.01
Flower power 1099,PI040298AD5I211178,2018-09-27 18:25:00,-1.0,0.5,13.29,24.25
Flower power 1099,PI040298AD5I211178,2018-09-27 18:40:00,-1.0,0.1,12.91,23.24
Flower power 1099,PI040298AD5I211178,2018-09-27 18:55:00,-1.0,0.1,13.04,22.58
Flower power 1099,PI040298AD5I211178,2018-09-27 19:10:00,-1.0,0.1,13.16,23.37
Flower power 1099,PI040298AD5I211178,2018-09-27 19:25:00,-1.0,0.1,13.16,22.96
Flower power 1099,PI040298AD5I211178,2018-09-27 19:40:00,-1.0,0.1,13.04,22.86
Flower power 1099,PI040298AD5I211178,2018-09-27 19:55:00,-1.0,0.1,12.78,22.96
Flower power 1099,PI040298AD5I211178,2018-09-27 20:10:00,-1.0,0.1,12.91,22.91
Flower power 1099,PI040298AD5I211178,2018-09-27 20:25:00,-1.0,0.1,12.65,22.77
Flower power 1099,PI040298AD5I211178,2018-09-27 20:40:00,-1.0,0.1,13.16,22.58
Flower power 1099,PI040298AD5I211178,2018-09-27 20:55:00,-1.0,0.1,12.91,22.44
Flower power 1099,PI040298AD5I211178,2018-09-27 21:10:00,-1.0,0.1,12.78,21.31
Flower power 1099,PI040298AD5I211178,2018-09-27 21:25:00,-1.0,0.1,13.04,21.12
Flower power 1099,PI040298AD5I211178,2018-09-27 21:40:00,-1.0,0.1,12.78,20.93
Flower power 1099,PI040298AD5I211178,2018-09-27 21:55:00,-1.0,0.1,13.16,21.36
Flower power 1099,PI040298AD5I211178,2018-09-27 22:10:00,-1.0,0.1,12.91,21.12
Flower power 1099,PI040298AD5I211178,2018-09-27 22:25:00,-1.0,0.1,12.78,21.22
Flower power 1099,PI040298AD5I211178,2018-09-27 22:40:00,-1.0,0.1,13.04,20.93
Flower power 1099,PI040298AD5I211178,2018-09-27 22:55:00,-1.0,0.1,12.78,20.83
Flower power 1099,PI040298AD5I211178,2018-09-27 23:10:00,-1.0,0.1,13.04,21.45
Flower power 1099,PI040298AD5I211178,2018-09-27 23:25:00,-1.0,0.1,12.78,21.74
Flower power 1099,PI040298AD5I211178,2018-09-27 23:40:00,-1.0,0.1,12.91,21.26
Flower power 1099,PI040298AD5I211178,2018-09-27 23:55:00,-1.0,0.1,12.91,20.64
Flower power 1099,PI040298AD5I211178,2018-09-28 00:10:00,-1.0,0.1,12.78,20.16
Flower power 1099,PI040298AD5I211178,2018-09-28 00:25:00,-1.0,0.1,12.91,20.16
Flower power 1099,PI040298AD5I211178,2018-09-28 00:40:00,-1.0,0.1,12.78,20.21
Flower power 1099,PI040298AD5I211178,2018-09-28 00:55:00,-1.0,0.1,12.65,20.64
Flower power 1099,PI040298AD5I211178,2018-09-28 01:10:00,-1.0,0.1,12.52,20.83
Flower power 1099,PI040298AD5I211178,2018-09-28 01:25:00,-1.0,0.1,12.78,20.4
Flower power 1099,PI040298AD5I211178,2018-09-28 01:40:00,-1.0,0.1,12.91,19.77
Flower power 1099,PI040298AD5I211178,2018-09-28 01:55:00,-1.0,0.1,12.52,19.43
Flower power 1099,PI040298AD5I211178,2018-09-28 02:10:00,-1.0,0.1,12.65,19.08
Flower power 1099,PI040298AD5I211178,2018-09-28 02:25:00,-1.0,0.1,12.65,18.93
Flower power 1099,PI040298AD5I211178,2018-09-28 02:40:00,-1.0,0.1,12.91,18.83
Flower power 1099,PI040298AD5I211178,2018-09-28 02:55:00,-1.0,0.1,12.91,18.74
Flower power 1099,PI040298AD5I211178,2018-09-28 03:10:00,-1.0,0.1,12.78,18.54
Flower power 1099,PI040298AD5I211178,2018-09-28 03:25:00,-1.0,0.1,12.65,18.34
Flower power 1099,PI040298AD5I211178,2018-09-28 03:40:00,-1.0,0.1,12.52,18.29
Flower power 1099,PI040298AD5I211178,2018-09-28 03:55:00,-1.0,0.1,12.78,18.29
Flower power 1099,PI040298AD5I211178,2018-09-28 04:10:00,-1.0,0.1,12.78,18.13
Flower power 1099,PI040298AD5I211178,2018-09-28 04:25:00,-1.0,0.1,13.04,18.03
Flower power 1099,PI040298AD5I211178,2018-09-28 04:40:00,-1.0,0.1,12.65,17.98
Flower power 1099,PI040298AD5I211178,2018-09-28 04:55:00,-1.0,0.1,12.65,17.78
Flower power 1099,PI040298AD5I211178,2018-09-28 05:10:00,-1.0,0.1,12.65,17.78
Flower power 1099,PI040298AD5I211178,2018-09-28 05:25:00,-1.0,0.1,12.91,17.73
Flower power 1099,PI040298AD5I211178,2018-09-28 05:40:00,-1.0,0.1,12.65,17.78
Flower power 1099,PI040298AD5I211178,2018-09-28 05:55:00,-1.0,0.1,12.65,17.73
Flower power 1099,PI040298AD5I211178,2018-09-28 06:10:00,-1.0,0.1,12.78,17.93
Flower power 1099,PI040298AD5I211178,2018-09-28 06:25:00,-1.0,0.52,12.65,18.08
Flower power 1099,PI040298AD5I211178,2018-09-28 06:40:00,-1.0,2.07,12.52,18.34
Flower power 1099,PI040298AD5I211178,2018-09-28 06:55:00,-1.0,4.21,12.78,18.78
Flower power 1099,PI040298AD5I211178,2018-09-28 07:10:00,-1.0,6.27,12.52,19.87
Flower power 1099,PI040298AD5I211178,2018-09-28 07:25:00,-1.0,8.11,13.04,20.69
Flower power 1099,PI040298AD5I211178,2018-09-28 07:40:00,-1.0,10.1,12.78,21.93
Flower power 1099,PI040298AD5I211178,2018-09-28 07:55:00,-1.0,12.41,12.52,23.28
Flower power 1099,PI040298AD5I211178,2018-09-28 08:10:00,-1.0,26.3,12.65,27.18
Flower power 1099,PI040298AD5I211178,2018-09-28 08:25:00,-1.0,20.53,12.78,28.6
Flower power 1099,PI040298AD5I211178,2018-09-28 08:40:00,-1.0,14.82,12.91,32.09
Flower power 1099,PI040298AD5I211178,2018-09-28 08:55:00,-1.0,40.92,12.52,31.96
Flower power 1099,PI040298AD5I211178,2018-09-28 09:10:00,-1.0,55.15,12.78,35.95
Flower power 1099,PI040298AD5I211178,2018-09-28 09:25:00,-1.0,43.57,12.91,36.96
Flower power 1099,PI040298AD5I211178,2018-09-28 09:40:00,-1.0,51.53,12.52,39.51
Flower power 1099,PI040298AD5I211178,2018-09-28 09:55:00,-1.0,83.65,12.65,39.03
Flower power 1099,PI040298AD5I211178,2018-09-28 10:10:00,-1.0,44.73,12.91,38.89
Flower power 1099,PI040298AD5I211178,2018-09-28 10:25:00,-1.0,87.12,13.04,40.09
Flower power 1099,PI040298AD5I211178,2018-09-28 10:40:00,-1.0,92.48,12.91,40.53
Flower power 1099,PI040298AD5I211178,2018-09-28 10:55:00,-1.0,129.64,12.91,44.85
Flower power 1099,PI040298AD5I211178,2018-09-28 11:10:00,-1.0,132.84,13.16,47.86
Flower power 1099,PI040298AD5I211178,2018-09-28 11:25:00,-1.0,132.84,13.04,46.63
Flower power 1099,PI040298AD5I211178,2018-09-28 11:40:00,-1.0,137.93,12.91,50.18
Flower power 1099,PI040298AD5I211178,2018-09-28 11:55:00,-1.0,137.93,12.78,50.24
Flower power 1099,PI040298AD5I211178,2018-09-28 12:10:00,-1.0,136.19,12.91,50.41
Flower power 1099,PI040298AD5I211178,2018-09-28 12:25:00,-1.0,112.01,13.29,49.41
Flower power 1099,PI040298AD5I211178,2018-09-28 12:40:00,-1.0,122.26,13.16,49.18
Flower power 1099,PI040298AD5I211178,2018-09-28 12:55:00,-1.0,69.68,13.16,46.3
Flower power 1099,PI040298AD5I211178,2018-09-28 13:10:00,-1.0,115.65,13.29,46.52
Flower power 1099,PI040298AD5I211178,2018-09-28 13:25:00,-1.0,101.34,13.16,47.69
Flower power 1099,PI040298AD5I211178,2018-09-28 13:40:00,-1.0,93.29,12.91,46.97
Flower power 1099,PI040298AD5I211178,2018-09-28 13:55:00,-1.0,106.41,13.29,46.63
Flower power 1099,PI040298AD5I211178,2018-09-28 14:10:00,-1.0,98.51,12.91,47.36
Flower power 1099,PI040298AD5I211178,2018-09-28 14:25:00,-1.0,100.38,13.16,47.02
Flower power 1099,PI040298AD5I211178,2018-09-28 14:40:00,-1.0,63.68,13.29,42.57
Flower power 1099,PI040298AD5I211178,2018-09-28 14:55:00,-1.0,90.11,13.42,44.48
Flower power 1099,PI040298AD5I211178,2018-09-28 15:10:00,-1.0,65.71,13.16,40.38
Flower power 1099,PI040298AD5I211178,2018-09-28 15:25:00,-1.0,17.51,13.04,39.17
Flower power 1099,PI040298AD5I211178,2018-09-28 15:40:00,-1.0,21.21,13.29,37.8
Flower power 1099,PI040298AD5I211178,2018-09-28 15:55:00,-1.0,56.36,13.42,40.62
Flower power 1099,PI040298AD5I211178,2018-09-28 16:10:00,-1.0,52.59,12.91,39.51
Flower power 1099,PI040298AD5I211178,2018-09-28 16:25:00,-1.0,32.96,13.16,35.13
Flower power 1099,PI040298AD5I211178,2018-09-28 16:40:00,-1.0,35.3,13.16,36.09
Flower power 1099,PI040298AD5I211178,2018-09-28 16:55:00,-1.0,33.75,13.16,34.95
Flower power 1099,PI040298AD5I211178,2018-09-28 17:10:00,-1.0,12.03,13.04,30.41
Flower power 1099,PI040298AD5I211178,2018-09-28 17:25:00,-1.0,8.55,13.29,28.2
Flower power 1099,PI040298AD5I211178,2018-09-28 17:40:00,-1.0,6.28,13.42,27.0
Flower power 1099,PI040298AD5I211178,2018-09-28 17:55:00,-1.0,4.02,13.04,25.79
Flower power 1099,PI040298AD5I211178,2018-09-28 18:10:00,-1.0,1.82,12.91,24.61
Flower power 1099,PI040298AD5I211178,2018-09-28 18:25:00,-1.0,0.41,12.91,23.79
Flower power 1099,PI040298AD5I211178,2018-09-28 18:40:00,-1.0,0.1,12.91,22.91
Flower power 1099,PI040298AD5I211178,2018-09-28 18:55:00,-1.0,0.1,12.91,22.54
Flower power 1099,PI040298AD5I211178,2018-09-28 19:10:00,-1.0,0.1,12.91,21.79
Flower power 1099,PI040298AD5I211178,2018-09-28 19:25:00,-1.0,0.1,13.29,21.41
Flower power 1099,PI040298AD5I211178,2018-09-28 19:40:00,-1.0,0.1,13.04,21.22
Flower power 1099,PI040298AD5I211178,2018-09-28 19:55:00,-1.0,0.1,13.16,21.22
Flower power 1099,PI040298AD5I211178,2018-09-28 20:10:00,-1.0,0.1,13.04,20.98
Flower power 1099,PI040298AD5I211178,2018-09-28 20:25:00,-1.0,0.1,13.04,20.79
Flower power 1099,PI040298AD5I211178,2018-09-28 20:40:00,-1.0,0.1,13.04,20.64
Flower power 1099,PI040298AD5I211178,2018-09-28 20:55:00,-1.0,0.1,13.16,20.5
Flower power 1099,PI040298AD5I211178,2018-09-28 21:10:00,-1.0,0.1,12.78,20.45
Flower power 1099,PI040298AD5I211178,2018-09-28 21:25:00,-1.0,0.1,13.04,20.3
Flower power 1099,PI040298AD5I211178,2018-09-28 21:40:00,-1.0,0.1,12.91,19.96
Flower power 1099,PI040298AD5I211178,2018-09-28 21:55:00,-1.0,0.1,13.16,19.28
Flower power 1099,PI040298AD5I211178,2018-09-28 22:10:00,-1.0,0.1,13.16,18.93
Flower power 1099,PI040298AD5I211178,2018-09-28 22:25:00,-1.0,0.1,13.16,18.83
Flower power 1099,PI040298AD5I211178,2018-09-28 22:40:00,-1.0,0.1,12.91,18.78
Flower power 1099,PI040298AD5I211178,2018-09-28 22:55:00,-1.0,0.1,12.78,18.19
Flower power 1099,PI040298AD5I211178,2018-09-28 23:10:00,-1.0,0.1,12.65,18.39
Flower power 1099,PI040298AD5I211178,2018-09-28 23:25:00,-1.0,0.1,12.65,18.59
Flower power 1099,PI040298AD5I211178,2018-09-28 23:40:00,-1.0,0.1,13.04,18.49
Flower power 1099,PI040298AD5I211178,2018-09-28 23:55:00,-1.0,0.1,12.52,18.59
Flower power 1099,PI040298AD5I211178,2018-09-29 00:10:00,-1.0,0.1,12.91,18.59
Flower power 1099,PI040298AD5I211178,2018-09-29 00:25:00,-1.0,0.1,13.04,18.24
Flower power 1099,PI040298AD5I211178,2018-09-29 00:40:00,-1.0,0.1,12.52,18.64
Flower power 1099,PI040298AD5I211178,2018-09-29 00:55:00,-1.0,0.1,13.04,18.08
Flower power 1099,PI040298AD5I211178,2018-09-29 01:10:00,-1.0,0.1,12.91,17.12
Flower power 1099,PI040298AD5I211178,2018-09-29 01:25:00,-1.0,0.1,12.78,16.4
Flower power 1099,PI040298AD5I211178,2018-09-29 01:40:00,-1.0,0.1,12.65,16.14
Flower power 1099,PI040298AD5I211178,2018-09-29 01:55:00,-1.0,0.1,13.04,15.77
Flower power 1099,PI040298AD5I211178,2018-09-29 02:10:00,-1.0,0.1,12.65,15.72
Flower power 1099,PI040298AD5I211178,2018-09-29 02:25:00,-1.0,0.1,12.65,15.72
Flower power 1099,PI040298AD5I211178,2018-09-29 02:40:00,-1.0,0.1,12.78,16.03
Flower power 1099,PI040298AD5I211178,2018-09-29 02:55:00,-1.0,0.1,13.04,15.82
Flower power 1099,PI040298AD5I211178,2018-09-29 03:10:00,-1.0,0.1,12.91,15.72
Flower power 1099,PI040298AD5I211178,2018-09-29 03:25:00,-1.0,0.1,12.52,15.72
Flower power 1099,PI040298AD5I211178,2018-09-29 03:40:00,-1.0,0.1,12.52,15.61
Flower power 1099,PI040298AD5I211178,2018-09-29 03:55:00,-1.0,0.1,12.52,15.56
Flower power 1099,PI040298AD5I211178,2018-09-29 04:10:00,-1.0,0.1,12.65,16.29
Flower power 1099,PI040298AD5I211178,2018-09-29 04:25:00,-1.0,0.1,12.65,16.81
Flower power 1099,PI040298AD5I211178,2018-09-29 04:40:00,-1.0,0.1,12.78,17.27
Flower power 1099,PI040298AD5I211178,2018-09-29 04:55:00,-1.0,0.1,12.78,16.66
Flower power 1099,PI040298AD5I211178,2018-09-29 05:10:00,-1.0,0.1,12.52,16.4
Flower power 1099,PI040298AD5I211178,2018-09-29 05:25:00,-1.0,0.1,12.78,16.45
Flower power 1099,PI040298AD5I211178,2018-09-29 05:40:00,-1.0,0.1,13.04,16.97
Flower power 1099,PI040298AD5I211178,2018-09-29 05:55:00,-1.0,0.1,12.78,16.71
Flower power 1099,PI040298AD5I211178,2018-09-29 06:10:00,-1.0,0.1,12.52,16.4
Flower power 1099,PI040298AD5I211178,2018-09-29 06:25:00,-1.0,0.45,12.78,16.45
Flower power 1099,PI040298AD5I211178,2018-09-29 06:40:00,-1.0,1.93,12.52,16.66
Flower power 1099,PI040298AD5I211178,2018-09-29 06:55:00,-1.0,4.07,12.78,17.32
Flower power 1099,PI040298AD5I211178,2018-09-29 07:10:00,-1.0,6.04,12.65,18.19
Flower power 1099,PI040298AD5I211178,2018-09-29 07:25:00,-1.0,7.9,12.78,19.18
Flower power 1099,PI040298AD5I211178,2018-09-29 07:40:00,-1.0,9.63,12.65,20.26
Flower power 1099,PI040298AD5I211178,2018-09-29 07:55:00,-1.0,11.31,12.78,21.6
Flower power 1099,PI040298AD5I211178,2018-09-29 08:10:00,-1.0,21.68,12.65,23.51
Flower power 1099,PI040298AD5I211178,2018-09-29 08:25:00,-1.0,24.52,12.78,25.7
Flower power 1099,PI040298AD5I211178,2018-09-29 08:40:00,-1.0,37.98,12.78,29.17
Flower power 1099,PI040298AD5I211178,2018-09-29 08:55:00,-1.0,52.87,12.78,30.32
Flower power 1099,PI040298AD5I211178,2018-09-29 09:10:00,-1.0,54.27,12.78,33.65
Flower power 1099,PI040298AD5I211178,2018-09-29 09:25:00,-1.0,40.59,12.91,35.31
Flower power 1099,PI040298AD5I211178,2018-09-29 09:40:00,-1.0,72.1,13.04,38.6
Flower power 1099,PI040298AD5I211178,2018-09-29 09:55:00,-1.0,103.31,12.78,38.65
Flower power 1099,PI040298AD5I211178,2018-09-29 10:10:00,-1.0,35.68,13.04,34.95
Flower power 1099,PI040298AD5I211178,2018-09-29 10:25:00,-1.0,67.42,13.16,37.47
Flower power 1099,PI040298AD5I211178,2018-09-29 10:40:00,-1.0,108.59,12.52,39.27
Flower power 1099,PI040298AD5I211178,2018-09-29 10:55:00,-1.0,129.64,12.78,43.7
Flower power 1099,PI040298AD5I211178,2018-09-29 11:10:00,-1.0,131.22,12.78,45.65
Flower power 1099,PI040298AD5I211178,2018-09-29 11:25:00,-1.0,134.49,12.78,46.03
Flower power 1099,PI040298AD5I211178,2018-09-29 11:40:00,-1.0,136.19,13.16,47.19
Flower power 1099,PI040298AD5I211178,2018-09-29 11:55:00,-1.0,137.93,13.04,48.6
Flower power 1099,PI040298AD5I211178,2018-09-29 12:10:00,-1.0,136.19,13.16,49.76
Flower power 1099,PI040298AD5I211178,2018-09-29 12:25:00,-1.0,126.58,13.16,48.26
Flower power 1099,PI040298AD5I211178,2018-09-29 12:40:00,-1.0,119.53,13.16,47.69
Flower power 1099,PI040298AD5I211178,2018-09-29 12:55:00,-1.0,82.99,13.29,45.06
Flower power 1099,PI040298AD5I211178,2018-09-29 13:10:00,-1.0,90.88,12.78,43.28
Flower power 1099,PI040298AD5I211178,2018-09-29 13:25:00,-1.0,104.32,13.16,45.87
Flower power 1099,PI040298AD5I211178,2018-09-29 13:40:00,-1.0,78.04,13.16,45.6
Flower power 1099,PI040298AD5I211178,2018-09-29 13:55:00,-1.0,94.97,13.04,44.37
Flower power 1099,PI040298AD5I211178,2018-09-29 14:10:00,-1.0,89.34,13.16,46.09
Flower power 1099,PI040298AD5I211178,2018-09-29 14:25:00,-1.0,88.59,13.42,45.06
Flower power 1099,PI040298AD5I211178,2018-09-29 14:40:00,-1.0,75.77,13.16,41.36
Flower power 1099,PI040298AD5I211178,2018-09-29 14:55:00,-1.0,89.34,13.16,45.33
Flower power 1099,PI040298AD5I211178,2018-09-29 15:10:00,-1.0,49.53,13.29,40.04
Flower power 1099,PI040298AD5I211178,2018-09-29 15:25:00,-1.0,16.34,13.04,39.99
Flower power 1099,PI040298AD5I211178,2018-09-29 15:40:00,-1.0,17.7,12.91,38.84
Flower power 1099,PI040298AD5I211178,2018-09-29 15:55:00,-1.0,51.02,13.04,41.12
Flower power 1099,PI040298AD5I211178,2018-09-29 16:10:00,-1.0,53.42,12.91,40.09
Flower power 1099,PI040298AD5I211178,2018-09-29 16:25:00,-1.0,31.91,13.29,35.81
Flower power 1099,PI040298AD5I211178,2018-09-29 16:40:00,-1.0,37.41,13.29,36.27
Flower power 1099,PI040298AD5I211178,2018-09-29 16:55:00,-1.0,33.63,13.04,35.31
Flower power 1099,PI040298AD5I211178,2018-09-29 17:10:00,-1.0,11.75,13.16,30.23
Flower power 1099,PI040298AD5I211178,2018-09-29 17:25:00,-1.0,8.36,13.16,27.58
Flower power 1099,PI040298AD5I211178,2018-09-29 17:40:00,-1.0,5.96,13.04,26.42
Flower power 1099,PI040298AD5I211178,2018-09-29 17:55:00,-1.0,3.77,13.29,25.29
Flower power 1099,PI040298AD5I211178,2018-09-29 18:10:00,-1.0,1.63,12.78,24.2
Flower power 1099,PI040298AD5I211178,2018-09-29 18:25:00,-1.0,0.33,13.16,23.1
Flower power 1099,PI040298AD5I211178,2018-09-29 18:40:00,-1.0,0.1,13.16,22.26
Flower power 1099,PI040298AD5I211178,2018-09-29 18:55:00,-1.0,0.1,13.29,21.83
Flower power 1099,PI040298AD5I211178,2018-09-29 19:10:00,-1.0,0.1,13.04,21.26
Flower power 1099,PI040298AD5I211178,2018-09-29 19:25:00,-1.0,0.1,13.04,20.98
Flower power 1099,PI040298AD5I211178,2018-09-29 19:40:00,-1.0,0.1,13.04,20.59
Flower power 1099,PI040298AD5I211178,2018-09-29 19:55:00,-1.0,0.1,12.65,19.72
Flower power 1099,PI040298AD5I211178,2018-09-29 20:10:00,-1.0,0.1,13.04,19.62
Flower power 1099,PI040298AD5I211178,2018-09-29 20:25:00,-1.0,0.1,13.04,19.43
Flower power 1099,PI040298AD5I211178,2018-09-29 20:40:00,-1.0,0.1,12.78,19.38
Flower power 1099,PI040298AD5I211178,2018-09-29 20:55:00,-1.0,0.1,12.65,19.43
Flower power 1099,PI040298AD5I211178,2018-09-29 21:10:00,-1.0,0.1,12.91,19.28
Flower power 1099,PI040298AD5I211178,2018-09-29 21:25:00,-1.0,0.1,13.04,19.28
Flower power 1099,PI040298AD5I211178,2018-09-29 21:40:00,-1.0,0.1,13.16,19.28
Flower power 1099,PI040298AD5I211178,2018-09-29 21:55:00,-1.0,0.1,12.65,18.88
Flower power 1099,PI040298AD5I211178,2018-09-29 22:10:00,-1.0,0.1,12.65,18.74
Flower power 1099,PI040298AD5I211178,2018-09-29 22:25:00,-1.0,0.1,12.65,18.44
Flower power 1099,PI040298AD5I211178,2018-09-29 22:40:00,-1.0,0.1,12.91,18.74
Flower power 1099,PI040298AD5I211178,2018-09-29 22:55:00,-1.0,0.1,13.16,18.93
Flower power 1099,PI040298AD5I211178,2018-09-29 23:10:00,-1.0,0.1,12.65,18.83
Flower power 1099,PI040298AD5I211178,2018-09-29 23:25:00,-1.0,0.1,12.52,18.83
Flower power 1099,PI040298AD5I211178,2018-09-29 23:40:00,-1.0,0.1,13.04,18.98
Flower power 1099,PI040298AD5I211178,2018-09-29 23:55:00,-1.0,0.1,13.04,18.49
Flower power 1099,PI040298AD5I211178,2018-09-30 00:10:00,-1.0,0.1,12.91,18.29
Flower power 1099,PI040298AD5I211178,2018-09-30 00:25:00,-1.0,0.1,12.65,18.34
Flower power 1099,PI040298AD5I211178,2018-09-30 00:40:00,-1.0,0.1,12.91,18.08
Flower power 1099,PI040298AD5I211178,2018-09-30 00:55:00,-1.0,0.1,12.78,18.03
Flower power 1099,PI040298AD5I211178,2018-09-30 01:10:00,-1.0,0.1,12.91,17.58
Flower power 1099,PI040298AD5I211178,2018-09-30 01:25:00,-1.0,0.1,12.52,17.12
Flower power 1099,PI040298AD5I211178,2018-09-30 01:40:00,-1.0,0.1,12.78,16.66
Flower power 1099,PI040298AD5I211178,2018-09-30 01:55:00,-1.0,0.1,12.4,16.55
Flower power 1099,PI040298AD5I211178,2018-09-30 02:10:00,-1.0,0.1,12.91,16.55
Flower power 1099,PI040298AD5I211178,2018-09-30 02:25:00,-1.0,0.1,12.52,16.76
Flower power 1099,PI040298AD5I211178,2018-09-30 02:40:00,-1.0,0.1,12.78,16.5
Flower power 1099,PI040298AD5I211178,2018-09-30 02:55:00,-1.0,0.1,12.52,16.4
Flower power 1099,PI040298AD5I211178,2018-09-30 03:10:00,-1.0,0.1,13.04,16.55
Flower power 1099,PI040298AD5I211178,2018-09-30 03:25:00,-1.0,0.1,12.78,16.14
Flower power 1099,PI040298AD5I211178,2018-09-30 03:40:00,-1.0,0.1,12.91,16.45
Flower power 1099,PI040298AD5I211178,2018-09-30 03:55:00,-1.0,0.1,12.4,16.34
Flower power 1099,PI040298AD5I211178,2018-09-30 04:10:00,-1.0,0.1,13.04,16.03
Flower power 1099,PI040298AD5I211178,2018-09-30 04:25:00,-1.0,0.1,12.78,16.03
Flower power 1099,PI040298AD5I211178,2018-09-30 04:40:00,-1.0,0.1,12.78,16.24
Flower power 1099,PI040298AD5I211178,2018-09-30 04:55:00,-1.0,0.1,12.78,16.29
Flower power 1099,PI040298AD5I211178,2018-09-30 05:10:00,-1.0,0.1,12.4,15.77
Flower power 1099,PI040298AD5I211178,2018-09-30 05:25:00,-1.0,0.1,12.4,15.61
Flower power 1099,PI040298AD5I211178,2018-09-30 05:40:00,-1.0,0.1,12.78,16.14
Flower power 1099,PI040298AD5I211178,2018-09-30 05:55:00,-1.0,0.1,12.52,16.03
Flower power 1099,PI040298AD5I211178,2018-09-30 06:10:00,-1.0,0.1,12.52,15.82
Flower power 1099,PI040298AD5I211178,2018-09-30 06:25:00,-1.0,0.34,13.04,15.66
Flower power 1099,PI040298AD5I211178,2018-09-30 06:40:00,-1.0,1.46,12.91,15.82
Flower power 1099,PI040298AD5I211178,2018-09-30 06:55:00,-1.0,3.2,12.91,16.91
Flower power 1099,PI040298AD5I211178,2018-09-30 07:10:00,-1.0,6.22,13.04,17.98
Flower power 1099,PI040298AD5I211178,2018-09-30 07:25:00,-1.0,7.15,12.52,18.59
Flower power 1099,PI040298AD5I211178,2018-09-30 07:40:00,-1.0,9.05,12.78,18.98
Flower power 1099,PI040298AD5I211178,2018-09-30 07:55:00,-1.0,10.17,12.65,20.4
Flower power 1099,PI040298AD5I211178,2018-09-30 08:10:00,-1.0,22.28,12.78,22.96
Flower power 1099,PI040298AD5I211178,2018-09-30 08:25:00,-1.0,32.96,12.78,25.83
Flower power 1099,PI040298AD5I211178,2018-09-30 08:40:00,-1.0,51.02,12.78,28.91
Flower power 1099,PI040298AD5I211178,2018-09-30 08:55:00,-1.0,39.47,12.78,30.59
Flower power 1099,PI040298AD5I211178,2018-09-30 09:10:00,-1.0,41.77,12.91,31.03
Flower power 1099,PI040298AD5I211178,2018-09-30 09:25:00,-1.0,37.98,12.52,34.95
Flower power 1099,PI040298AD5I211178,2018-09-30 09:40:00,-1.0,74.16,12.65,37.15
Flower power 1099,PI040298AD5I211178,2018-09-30 09:55:00,-1.0,97.6,12.78,38.74
Flower power 1099,PI040298AD5I211178,2018-09-30 10:10:00,-1.0,28.34,12.65,35.04
Flower power 1099,PI040298AD5I211178,2018-09-30 10:25:00,-1.0,29.79,12.91,36.87
Flower power 1099,PI040298AD5I211178,2018-09-30 10:40:00,-1.0,87.85,12.78,39.99
Flower power 1099,PI040298AD5I211178,2018-09-30 10:55:00,-1.0,125.11,13.16,45.17
Flower power 1099,PI040298AD5I211178,2018-09-30 11:10:00,-1.0,128.09,12.78,47.19
Flower power 1099,PI040298AD5I211178,2018-09-30 11:25:00,-1.0,129.64,13.16,47.41
Flower power 1099,PI040298AD5I211178,2018-09-30 11:40:00,-1.0,132.84,13.16,49.0
Flower power 1099,PI040298AD5I211178,2018-09-30 11:55:00,-1.0,136.19,13.04,49.24
Flower power 1099,PI040298AD5I211178,2018-09-30 12:10:00,-1.0,139.72,12.78,51.93
Flower power 1099,PI040298AD5I211178,2018-09-30 12:25:00,-1.0,107.49,13.29,48.77
Flower power 1099,PI040298AD5I211178,2018-09-30 12:40:00,-1.0,95.83,12.91,50.95
Flower power 1099,PI040298AD5I211178,2018-09-30 12:55:00,-1.0,66.13,12.91,46.74
Flower power 1099,PI040298AD5I211178,2018-09-30 13:10:00,-1.0,78.63,13.29,44.96
Flower power 1099,PI040298AD5I211178,2018-09-30 13:25:00,-1.0,91.67,12.91,47.13
Flower power 1099,PI040298AD5I211178,2018-09-30 13:40:00,-1.0,86.41,12.91,46.69
Flower power 1099,PI040298AD5I211178,2018-09-30 13:55:00,-1.0,84.32,13.29,46.25
Flower power 1099,PI040298AD5I211178,2018-09-30 14:10:00,-1.0,45.74,13.04,45.65
Flower power 1099,PI040298AD5I211178,2018-09-30 14:25:00,-1.0,35.93,13.16,41.86
Flower power 1099,PI040298AD5I211178,2018-09-30 14:40:00,-1.0,56.36,13.04,42.57
Flower power 1099,PI040298AD5I211178,2018-09-30 14:55:00,-1.0,90.88,13.29,44.74
Flower power 1099,PI040298AD5I211178,2018-09-30 15:10:00,-1.0,49.05,13.16,40.72
Flower power 1099,PI040298AD5I211178,2018-09-30 15:25:00,-1.0,32.53,13.16,36.46
Flower power 1099,PI040298AD5I211178,2018-09-30 15:40:00,-1.0,32.64,12.91,36.13
Flower power 1099,PI040298AD5I211178,2018-09-30 15:55:00,-1.0,61.78,13.04,39.89
Flower power 1099,PI040298AD5I211178,2018-09-30 16:10:00,-1.0,19.5,13.42,36.04
Flower power 1099,PI040298AD5I211178,2018-09-30 16:25:00,-1.0,30.16,13.29,33.78
Flower power 1099,PI040298AD5I211178,2018-09-30 16:40:00,-1.0,39.47,12.91,36.41
Flower power 1099,PI040298AD5I211178,2018-09-30 16:55:00,-1.0,36.59,13.29,34.5
Flower power 1099,PI040298AD5I211178,2018-09-30 17:10:00,-1.0,16.66,12.91,31.2
Flower power 1099,PI040298AD5I211178,2018-09-30 17:25:00,-1.0,8.49,13.16,27.44
Flower power 1099,PI040298AD5I211178,2018-09-30 17:40:00,-1.0,5.89,12.91,26.1
Flower power 1099,PI040298AD5I211178,2018-09-30 17:55:00,-1.0,3.55,13.04,24.89
Flower power 1099,PI040298AD5I211178,2018-09-30 18:10:00,-1.0,1.44,12.91,23.7
Flower power 1099,PI040298AD5I211178,2018-09-30 18:25:00,-1.0,0.25,13.16,22.44
Flower power 1099,PI040298AD5I211178,2018-09-30 18:40:00,-1.0,0.1,13.04,21.6
Flower power 1099,PI040298AD5I211178,2018-09-30 18:55:00,-1.0,0.1,13.29,20.98
Flower power 1099,PI040298AD5I211178,2018-09-30 19:10:00,-1.0,0.1,13.04,20.45
Flower power 1099,PI040298AD5I211178,2018-09-30 19:25:00,-1.0,0.1,12.91,20.3
Flower power 1099,PI040298AD5I211178,2018-09-30 19:40:00,-1.0,0.1,13.29,20.4
Flower power 1099,PI040298AD5I211178,2018-09-30 19:55:00,-1.0,0.1,12.91,20.11
Flower power 1099,PI040298AD5I211178,2018-09-30 20:10:00,-1.0,0.1,12.65,20.16
Flower power 1099,PI040298AD5I211178,2018-09-30 20:25:00,-1.0,0.1,13.04,20.3
Flower power 1099,PI040298AD5I211178,2018-09-30 20:40:00,-1.0,0.1,13.16,20.45
Flower power 1099,PI040298AD5I211178,2018-09-30 20:55:00,-1.0,0.1,12.78,19.62
Flower power 1099,PI040298AD5I211178,2018-09-30 21:10:00,-1.0,0.1,13.04,19.77
Flower power 1099,PI040298AD5I211178,2018-09-30 21:25:00,-1.0,0.1,12.91,19.13
Flower power 1099,PI040298AD5I211178,2018-09-30 21:40:00,-1.0,0.1,12.65,18.78
Flower power 1099,PI040298AD5I211178,2018-09-30 21:55:00,-1.0,0.1,13.16,18.88
Flower power 1099,PI040298AD5I211178,2018-09-30 22:10:00,-1.0,0.1,12.78,19.18
Flower power 1099,PI040298AD5I211178,2018-09-30 22:25:00,-1.0,0.1,12.78,18.98
Flower power 1099,PI040298AD5I211178,2018-09-30 22:40:00,-1.0,0.1,12.78,18.93
Flower power 1099,PI040298AD5I211178,2018-09-30 22:55:00,-1.0,0.1,12.91,18.69
Flower power 1099,PI040298AD5I211178,2018-09-30 23:10:00,-1.0,0.1,12.78,18.39
Flower power 1099,PI040298AD5I211178,2018-09-30 23:25:00,-1.0,0.1,12.52,18.19
Flower power 1099,PI040298AD5I211178,2018-09-30 23:40:00,-1.0,0.1,12.65,18.39
Flower power 1099,PI040298AD5I211178,2018-09-30 23:55:00,-1.0,0.1,13.16,17.93
Flower power 1099,PI040298AD5I211178,2018-10-01 00:10:00,-1.0,0.1,12.52,18.39
Flower power 1099,PI040298AD5I211178,2018-10-01 00:25:00,-1.0,0.1,13.04,18.74
Flower power 1099,PI040298AD5I211178,2018-10-01 00:40:00,-1.0,0.1,12.78,18.39
Flower power 1099,PI040298AD5I211178,2018-10-01 00:55:00,-1.0,0.1,12.91,18.54
Flower power 1099,PI040298AD5I211178,2018-10-01 01:10:00,-1.0,0.1,13.04,18.08
Flower power 1099,PI040298AD5I211178,2018-10-01 01:25:00,-1.0,0.1,12.91,18.08
Flower power 1099,PI040298AD5I211178,2018-10-01 01:40:00,-1.0,0.1,12.91,17.63
Flower power 1099,PI040298AD5I211178,2018-10-01 01:55:00,-1.0,0.1,12.91,17.17
Flower power 1099,PI040298AD5I211178,2018-10-01 02:10:00,-1.0,0.1,13.16,17.12
Flower power 1099,PI040298AD5I211178,2018-10-01 02:25:00,-1.0,0.1,12.78,17.07
Flower power 1099,PI040298AD5I211178,2018-10-01 02:40:00,-1.0,0.1,12.91,17.78
Flower power 1099,PI040298AD5I211178,2018-10-01 02:55:00,-1.0,0.1,12.91,16.91
Flower power 1099,PI040298AD5I211178,2018-10-01 03:10:00,-1.0,0.1,12.65,16.66
Flower power 1099,PI040298AD5I211178,2018-10-01 03:25:00,-1.0,0.1,12.78,16.76
Flower power 1099,PI040298AD5I211178,2018-10-01 03:40:00,-1.0,0.1,12.91,16.86
Flower power 1099,PI040298AD5I211178,2018-10-01 03:55:00,-1.0,0.1,12.78,16.86
Flower power 1099,PI040298AD5I211178,2018-10-01 04:10:00,-1.0,0.1,12.65,16.76
Flower power 1099,PI040298AD5I211178,2018-10-01 04:25:00,-1.0,0.1,12.91,16.45
Flower power 1099,PI040298AD5I211178,2018-10-01 04:40:00,-1.0,0.1,13.04,16.08
Flower power 1099,PI040298AD5I211178,2018-10-01 04:55:00,-1.0,0.1,12.65,15.4
Flower power 1099,PI040298AD5I211178,2018-10-01 05:10:00,-1.0,0.1,12.91,15.29
Flower power 1099,PI040298AD5I211178,2018-10-01 05:25:00,-1.0,0.1,12.65,15.19
Flower power 1099,PI040298AD5I211178,2018-10-01 05:40:00,-1.0,0.1,12.65,15.24
Flower power 1099,PI040298AD5I211178,2018-10-01 05:55:00,-1.0,0.1,12.78,15.13
Flower power 1099,PI040298AD5I211178,2018-10-01 06:10:00,-1.0,0.1,12.78,15.03
Flower power 1099,PI040298AD5I211178,2018-10-01 06:25:00,-1.0,0.31,12.78,14.97
Flower power 1099,PI040298AD5I211178,2018-10-01 06:40:00,-1.0,1.6,12.52,15.35
Flower power 1099,PI040298AD5I211178,2018-10-01 06:55:00,-1.0,3.75,12.91,16.03
Flower power 1099,PI040298AD5I211178,2018-10-01 07:10:00,-1.0,5.97,12.52,16.91
Flower power 1099,PI040298AD5I211178,2018-10-01 07:25:00,-1.0,8.07,12.91,17.83
Flower power 1099,PI040298AD5I211178,2018-10-01 07:40:00,-1.0,9.9,12.91,19.13
Flower power 1099,PI040298AD5I211178,2018-10-01 07:55:00,-1.0,11.59,12.78,20.45
Flower power 1099,PI040298AD5I211178,2018-10-01 08:10:00,-1.0,15.94,12.65,22.35
Flower power 1099,PI040298AD5I211178,2018-10-01 08:25:00,-1.0,23.98,12.91,25.02
Flower power 1099,PI040298AD5I211178,2018-10-01 08:40:00,-1.0,41.59,12.78,28.2
Flower power 1099,PI040298AD5I211178,2018-10-01 08:55:00,-1.0,33.52,12.78,30.23
Flower power 1099,PI040298AD5I211178,2018-10-01 09:10:00,-1.0,68.31,12.52,33.29
Flower power 1099,PI040298AD5I211178,2018-10-01 09:25:00,-1.0,42.12,12.65,36.36
Flower power 1099,PI040298AD5I211178,2018-10-01 09:40:00,-1.0,65.29,13.04,39.8
Flower power 1099,PI040298AD5I211178,2018-10-01 09:55:00,-1.0,99.44,12.78,41.76
Flower power 1099,PI040298AD5I211178,2018-10-01 10:10:00,-1.0,77.46,12.91,37.99
Flower power 1099,PI040298AD5I211178,2018-10-01 10:25:00,-1.0,19.07,12.91,37.43
Flower power 1099,PI040298AD5I211178,2018-10-01 10:40:00,-1.0,79.83,13.16,42.82
Flower power 1099,PI040298AD5I211178,2018-10-01 10:55:00,-1.0,126.58,13.04,48.66
Flower power 1099,PI040298AD5I211178,2018-10-01 11:10:00,-1.0,131.22,13.04,49.88
Flower power 1099,PI040298AD5I211178,2018-10-01 11:25:00,-1.0,131.22,12.91,49.7
Flower power 1099,PI040298AD5I211178,2018-10-01 11:40:00,-1.0,134.49,13.04,50.89
Flower power 1099,PI040298AD5I211178,2018-10-01 11:55:00,-1.0,134.49,12.91,52.3
Flower power 1099,PI040298AD5I211178,2018-10-01 12:10:00,-1.0,132.84,13.04,51.44
Flower power 1099,PI040298AD5I211178,2018-10-01 12:25:00,-1.0,87.12,13.29,48.6
Flower power 1099,PI040298AD5I211178,2018-10-01 12:40:00,-1.0,129.64,13.04,50.77
Flower power 1099,PI040298AD5I211178,2018-10-01 12:55:00,-1.0,115.65,13.04,49.35
Flower power 1099,PI040298AD5I211178,2018-10-01 13:10:00,-1.0,61.41,13.42,46.52
Flower power 1099,PI040298AD5I211178,2018-10-01 13:25:00,-1.0,97.6,13.04,50.06
Flower power 1099,PI040298AD5I211178,2018-10-01 13:40:00,-1.0,110.85,12.91,48.26
Flower power 1099,PI040298AD5I211178,2018-10-01 13:55:00,-1.0,57.62,13.04,47.58
Flower power 1099,PI040298AD5I211178,2018-10-01 14:10:00,-1.0,76.89,13.42,50.24
Flower power 1099,PI040298AD5I211178,2018-10-01 14:25:00,-1.0,91.67,13.04,45.92
Flower power 1099,PI040298AD5I211178,2018-10-01 14:40:00,-1.0,87.85,12.91,43.54
Flower power 1099,PI040298AD5I211178,2018-10-01 14:55:00,-1.0,81.7,13.42,41.91
Flower power 1099,PI040298AD5I211178,2018-10-01 15:10:00,-1.0,21.02,13.42,39.7
Flower power 1099,PI040298AD5I211178,2018-10-01 15:25:00,-1.0,20.32,13.29,40.14
Flower power 1099,PI040298AD5I211178,2018-10-01 15:40:00,-1.0,32.22,13.04,40.38
Flower power 1099,PI040298AD5I211178,2018-10-01 15:55:00,-1.0,50.76,13.16,40.28
Flower power 1099,PI040298AD5I211178,2018-10-01 16:10:00,-1.0,19.38,13.16,37.43
Flower power 1099,PI040298AD5I211178,2018-10-01 16:25:00,-1.0,22.18,13.04,35.04
Flower power 1099,PI040298AD5I211178,2018-10-01 16:40:00,-1.0,34.69,13.16,34.91
Flower power 1099,PI040298AD5I211178,2018-10-01 16:55:00,-1.0,31.4,12.91,34.27
Flower power 1099,PI040298AD5I211178,2018-10-01 17:10:00,-1.0,10.09,13.29,30.14
Flower power 1099,PI040298AD5I211178,2018-10-01 17:25:00,-1.0,7.51,12.91,27.71
Flower power 1099,PI040298AD5I211178,2018-10-01 17:40:00,-1.0,5.56,13.29,26.42
Flower power 1099,PI040298AD5I211178,2018-10-01 17:55:00,-1.0,3.41,13.04,25.2
Flower power 1099,PI040298AD5I211178,2018-10-01 18:10:00,-1.0,1.33,13.16,24.02
Flower power 1099,PI040298AD5I211178,2018-10-01 18:25:00,-1.0,0.21,13.04,23.24
Flower power 1099,PI040298AD5I211178,2018-10-01 18:40:00,-1.0,0.1,13.16,22.96
Flower power 1099,PI040298AD5I211178,2018-10-01 18:55:00,-1.0,0.1,13.16,22.4
Flower power 1099,PI040298AD5I211178,2018-10-01 19:10:00,-1.0,0.1,13.04,22.4
Flower power 1099,PI040298AD5I211178,2018-10-01 19:25:00,-1.0,0.1,13.16,22.12
Flower power 1099,PI040298AD5I211178,2018-10-01 19:40:00,-1.0,0.1,13.16,21.36
Flower power 1099,PI040298AD5I211178,2018-10-01 19:55:00,-1.0,0.1,12.91,20.11
Flower power 1099,PI040298AD5I211178,2018-10-01 20:10:00,-1.0,0.1,12.78,20.21
Flower power 1099,PI040298AD5I211178,2018-10-01 20:25:00,-1.0,0.1,13.16,19.92
Flower power 1099,PI040298AD5I211178,2018-10-01 20:40:00,-1.0,0.1,13.04,19.92
Flower power 1099,PI040298AD5I211178,2018-10-01 20:55:00,-1.0,0.1,13.29,19.96
Flower power 1099,PI040298AD5I211178,2018-10-01 21:10:00,-1.0,0.1,12.65,19.57
Flower power 1099,PI040298AD5I211178,2018-10-01 21:25:00,-1.0,0.1,13.04,19.57
Flower power 1099,PI040298AD5I211178,2018-10-01 21:40:00,-1.0,0.1,13.04,19.57
Flower power 1099,PI040298AD5I211178,2018-10-01 21:55:00,-1.0,0.1,12.65,19.62
Flower power 1099,PI040298AD5I211178,2018-10-01 22:10:00,-1.0,0.1,12.65,19.23
Flower power 1099,PI040298AD5I211178,2018-10-01 22:25:00,-1.0,0.1,13.16,19.13
Flower power 1099,PI040298AD5I211178,2018-10-01 22:40:00,-1.0,0.1,12.91,18.98
Flower power 1099,PI040298AD5I211178,2018-10-01 22:55:00,-1.0,0.1,12.78,18.54
Flower power 1099,PI040298AD5I211178,2018-10-01 23:10:00,-1.0,0.1,12.65,18.19
Flower power 1099,PI040298AD5I211178,2018-10-01 23:25:00,-1.0,0.1,12.91,17.43
Flower power 1099,PI040298AD5I211178,2018-10-01 23:40:00,-1.0,0.1,13.16,18.34
Flower power 1099,PI040298AD5I211178,2018-10-01 23:55:00,-1.0,0.1,12.91,18.39
Flower power 1099,PI040298AD5I211178,2018-10-02 00:10:00,-1.0,0.1,12.65,18.24
Flower power 1099,PI040298AD5I211178,2018-10-02 00:25:00,-1.0,0.1,13.04,17.83
Flower power 1099,PI040298AD5I211178,2018-10-02 00:40:00,-1.0,0.1,12.91,17.43
Flower power 1099,PI040298AD5I211178,2018-10-02 00:55:00,-1.0,0.1,12.91,17.27
Flower power 1099,PI040298AD5I211178,2018-10-02 01:10:00,-1.0,0.1,13.04,17.17
Flower power 1099,PI040298AD5I211178,2018-10-02 01:25:00,-1.0,0.1,12.65,17.73
Flower power 1099,PI040298AD5I211178,2018-10-02 01:40:00,-1.0,0.1,12.78,17.68
Flower power 1099,PI040298AD5I211178,2018-10-02 01:55:00,-1.0,0.1,12.78,16.29
Flower power 1099,PI040298AD5I211178,2018-10-02 02:10:00,-1.0,0.1,13.04,15.98
Flower power 1099,PI040298AD5I211178,2018-10-02 02:25:00,-1.0,0.1,12.78,15.19
Flower power 1099,PI040298AD5I211178,2018-10-02 02:40:00,-1.0,0.1,12.78,14.97
Flower power 1099,PI040298AD5I211178,2018-10-02 02:55:00,-1.0,0.1,12.78,15.66
Flower power 1099,PI040298AD5I211178,2018-10-02 03:10:00,-1.0,0.1,12.78,15.08
Flower power 1099,PI040298AD5I211178,2018-10-02 03:25:00,-1.0,0.1,12.91,14.97
Flower power 1099,PI040298AD5I211178,2018-10-02 03:40:00,-1.0,0.1,12.4,14.92
Flower power 1099,PI040298AD5I211178,2018-10-02 03:55:00,-1.0,0.1,12.52,14.76
Flower power 1099,PI040298AD5I211178,2018-10-02 04:10:00,-1.0,0.1,12.65,14.38
Flower power 1099,PI040298AD5I211178,2018-10-02 04:25:00,-1.0,0.1,12.91,14.11
Flower power 1099,PI040298AD5I211178,2018-10-02 04:40:00,-1.0,0.1,13.04,14.6
Flower power 1099,PI040298AD5I211178,2018-10-02 04:55:00,-1.0,0.1,12.52,14.65
Flower power 1099,PI040298AD5I211178,2018-10-02 05:10:00,-1.0,0.1,12.52,13.89
Flower power 1099,PI040298AD5I211178,2018-10-02 05:25:00,-1.0,0.1,12.91,14.22
Flower power 1099,PI040298AD5I211178,2018-10-02 05:40:00,-1.0,0.1,13.04,14.05
Flower power 1099,PI040298AD5I211178,2018-10-02 05:55:00,-1.0,0.1,12.52,14.6
Flower power 1099,PI040298AD5I211178,2018-10-02 06:10:00,-1.0,0.1,12.4,14.16
Flower power 1099,PI040298AD5I211178,2018-10-02 06:25:00,-1.0,0.31,12.78,13.67
Flower power 1099,PI040298AD5I211178,2018-10-02 06:40:00,-1.0,1.57,12.78,13.62
Flower power 1099,PI040298AD5I211178,2018-10-02 06:55:00,-1.0,3.67,12.91,14.33
Flower power 1099,PI040298AD5I211178,2018-10-02 07:10:00,-1.0,5.65,12.91,15.29
Flower power 1099,PI040298AD5I211178,2018-10-02 07:25:00,-1.0,7.33,12.78,16.19
Flower power 1099,PI040298AD5I211178,2018-10-02 07:40:00,-1.0,8.95,12.65,17.27
Flower power 1099,PI040298AD5I211178,2018-10-02 07:55:00,-1.0,10.41,12.78,18.83
Flower power 1099,PI040298AD5I211178,2018-10-02 08:10:00,-1.0,13.49,12.78,21.31
Flower power 1099,PI040298AD5I211178,2018-10-02 08:25:00,-1.0,28.42,12.4,24.25
Flower power 1099,PI040298AD5I211178,2018-10-02 08:40:00,-1.0,39.79,12.78,27.67
Flower power 1099,PI040298AD5I211178,2018-10-02 08:55:00,-1.0,43.2,12.65,29.66
Flower power 1099,PI040298AD5I211178,2018-10-02 09:10:00,-1.0,55.44,12.4,33.47
Flower power 1099,PI040298AD5I211178,2018-10-02 09:25:00,-1.0,67.86,12.52,37.47
Flower power 1099,PI040298AD5I211178,2018-10-02 09:40:00,-1.0,76.33,12.78,39.99
Flower power 1099,PI040298AD5I211178,2018-10-02 09:55:00,-1.0,66.98,12.52,39.8
Flower power 1099,PI040298AD5I211178,2018-10-02 10:10:00,-1.0,58.95,12.52,36.23
Flower power 1099,PI040298AD5I211178,2018-10-02 10:25:00,-1.0,22.38,12.91,34.91
Flower power 1099,PI040298AD5I211178,2018-10-02 10:40:00,-1.0,85.01,13.04,40.33
Flower power 1099,PI040298AD5I211178,2018-10-02 10:55:00,-1.0,123.67,12.91,44.43
Flower power 1099,PI040298AD5I211178,2018-10-02 11:10:00,-1.0,126.58,12.78,45.92
Flower power 1099,PI040298AD5I211178,2018-10-02 11:25:00,-1.0,129.64,12.65,46.03
Flower power 1099,PI040298AD5I211178,2018-10-02 11:40:00,-1.0,131.22,12.91,46.03
Flower power 1099,PI040298AD5I211178,2018-10-02 11:55:00,-1.0,131.22,12.91,46.52
Flower power 1099,PI040298AD5I211178,2018-10-02 12:10:00,-1.0,131.22,13.04,46.41
Flower power 1099,PI040298AD5I211178,2018-10-02 12:25:00,-1.0,114.41,13.04,45.01
Flower power 1099,PI040298AD5I211178,2018-10-02 12:40:00,-1.0,90.88,12.78,46.09
Flower power 1099,PI040298AD5I211178,2018-10-02 12:55:00,-1.0,99.44,13.29,43.85
Flower power 1099,PI040298AD5I211178,2018-10-02 13:10:00,-1.0,75.77,13.16,41.41
Flower power 1099,PI040298AD5I211178,2018-10-02 13:25:00,-1.0,97.6,13.04,42.62
Flower power 1099,PI040298AD5I211178,2018-10-02 13:40:00,-1.0,80.44,12.78,40.67
Flower power 1099,PI040298AD5I211178,2018-10-02 13:55:00,-1.0,59.29,13.29,41.12
Flower power 1099,PI040298AD5I211178,2018-10-02 14:10:00,-1.0,88.59,12.78,42.77
Flower power 1099,PI040298AD5I211178,2018-10-02 14:25:00,-1.0,72.1,13.29,41.91
Flower power 1099,PI040298AD5I211178,2018-10-02 14:40:00,-1.0,47.9,13.04,37.15
Flower power 1099,PI040298AD5I211178,2018-10-02 14:55:00,-1.0,81.06,13.42,38.32
Flower power 1099,PI040298AD5I211178,2018-10-02 15:10:00,-1.0,29.18,13.04,36.78
Flower power 1099,PI040298AD5I211178,2018-10-02 15:25:00,-1.0,20.62,13.16,37.57
Flower power 1099,PI040298AD5I211178,2018-10-02 15:40:00,-1.0,52.06,13.42,37.57
Flower power 1099,PI040298AD5I211178,2018-10-02 15:55:00,-1.0,33.52,13.29,36.55
Flower power 1099,PI040298AD5I211178,2018-10-02 16:10:00,-1.0,42.12,12.91,35.54
Flower power 1099,PI040298AD5I211178,2018-10-02 16:25:00,-1.0,27.94,13.29,32.22
Flower power 1099,PI040298AD5I211178,2018-10-02 16:40:00,-1.0,32.11,13.16,32.84
Flower power 1099,PI040298AD5I211178,2018-10-02 16:55:00,-1.0,29.71,13.04,32.13
Flower power 1099,PI040298AD5I211178,2018-10-02 17:10:00,-1.0,12.95,12.91,28.02
Flower power 1099,PI040298AD5I211178,2018-10-02 17:25:00,-1.0,7.91,13.16,25.7
Flower power 1099,PI040298AD5I211178,2018-10-02 17:40:00,-1.0,5.57,12.91,24.38
Flower power 1099,PI040298AD5I211178,2018-10-02 17:55:00,-1.0,3.16,13.16,22.72
Flower power 1099,PI040298AD5I211178,2018-10-02 18:10:00,-1.0,1.03,13.16,21.22
Flower power 1099,PI040298AD5I211178,2018-10-02 18:25:00,-1.0,0.15,13.16,19.77
Flower power 1099,PI040298AD5I211178,2018-10-02 18:40:00,-1.0,0.1,13.29,18.98
Flower power 1099,PI040298AD5I211178,2018-10-02 18:55:00,-1.0,0.1,13.16,18.59
Flower power 1099,PI040298AD5I211178,2018-10-02 19:10:00,-1.0,0.1,12.91,18.39
Flower power 1099,PI040298AD5I211178,2018-10-02 19:25:00,-1.0,0.1,12.65,18.19
Flower power 1099,PI040298AD5I211178,2018-10-02 19:40:00,-1.0,0.1,12.65,18.03
Flower power 1099,PI040298AD5I211178,2018-10-02 19:55:00,-1.0,0.1,12.78,17.98
Flower power 1099,PI040298AD5I211178,2018-10-02 20:10:00,-1.0,0.1,13.04,17.73
Flower power 1099,PI040298AD5I211178,2018-10-02 20:25:00,-1.0,0.1,13.04,17.73
Flower power 1099,PI040298AD5I211178,2018-10-02 20:40:00,-1.0,0.1,13.04,17.48
Flower power 1099,PI040298AD5I211178,2018-10-02 20:55:00,-1.0,0.1,12.52,17.48
Flower power 1099,PI040298AD5I211178,2018-10-02 21:10:00,-1.0,0.1,13.04,17.17
Flower power 1099,PI040298AD5I211178,2018-10-02 21:25:00,-1.0,0.1,12.91,18.24
Flower power 1099,PI040298AD5I211178,2018-10-02 21:40:00,-1.0,0.1,13.16,17.63
Flower power 1099,PI040298AD5I211178,2018-10-02 21:55:00,-1.0,0.1,12.78,16.6
Flower power 1099,PI040298AD5I211178,2018-10-02 22:10:00,-1.0,0.1,12.91,17.58
Flower power 1099,PI040298AD5I211178,2018-10-02 22:25:00,-1.0,0.1,12.65,17.07
Flower power 1099,PI040298AD5I211178,2018-10-02 22:40:00,-1.0,0.1,12.65,16.71
Flower power 1099,PI040298AD5I211178,2018-10-02 22:55:00,-1.0,0.1,12.65,17.58
Flower power 1099,PI040298AD5I211178,2018-10-02 23:10:00,-1.0,0.1,12.91,17.38
Flower power 1099,PI040298AD5I211178,2018-10-02 23:25:00,-1.0,0.1,12.65,15.98
Flower power 1099,PI040298AD5I211178,2018-10-02 23:40:00,-1.0,0.1,12.78,15.66
Flower power 1099,PI040298AD5I211178,2018-10-02 23:55:00,-1.0,0.1,12.65,17.17
Flower power 1099,PI040298AD5I211178,2018-10-03 00:10:00,-1.0,0.1,12.91,17.07
Flower power 1099,PI040298AD5I211178,2018-10-03 00:25:00,-1.0,0.1,13.16,15.87
Flower power 1099,PI040298AD5I211178,2018-10-03 00:40:00,-1.0,0.1,12.78,16.66
Flower power 1099,PI040298AD5I211178,2018-10-03 00:55:00,-1.0,0.1,13.04,15.35
Flower power 1099,PI040298AD5I211178,2018-10-03 01:10:00,-1.0,0.1,12.4,14.16
Flower power 1099,PI040298AD5I211178,2018-10-03 01:25:00,-1.0,0.1,12.78,14.0
Flower power 1099,PI040298AD5I211178,2018-10-03 01:40:00,-1.0,0.1,12.65,13.84
Flower power 1099,PI040298AD5I211178,2018-10-03 01:55:00,-1.0,0.1,12.78,13.78
Flower power 1099,PI040298AD5I211178,2018-10-03 02:10:00,-1.0,0.1,12.91,13.51
Flower power 1099,PI040298AD5I211178,2018-10-03 02:25:00,-1.0,0.1,13.04,13.28
Flower power 1099,PI040298AD5I211178,2018-10-03 02:40:00,-1.0,0.1,12.91,13.95
Flower power 1099,PI040298AD5I211178,2018-10-03 02:55:00,-1.0,0.1,12.78,14.16
Flower power 1099,PI040298AD5I211178,2018-10-03 03:10:00,-1.0,0.1,12.91,14.0
Flower power 1099,PI040298AD5I211178,2018-10-03 03:25:00,-1.0,0.1,12.91,13.28
Flower power 1099,PI040298AD5I211178,2018-10-03 03:40:00,-1.0,0.1,12.91,13.56
Flower power 1099,PI040298AD5I211178,2018-10-03 03:55:00,-1.0,0.1,12.65,13.67
Flower power 1099,PI040298AD5I211178,2018-10-03 04:10:00,-1.0,0.1,12.91,13.67
Flower power 1099,PI040298AD5I211178,2018-10-03 04:25:00,-1.0,0.1,13.04,13.84
Flower power 1099,PI040298AD5I211178,2018-10-03 04:40:00,-1.0,0.1,12.52,13.95
Flower power 1099,PI040298AD5I211178,2018-10-03 04:55:00,-1.0,0.1,12.91,15.29
Flower power 1099,PI040298AD5I211178,2018-10-03 05:10:00,-1.0,0.1,12.52,15.13
Flower power 1099,PI040298AD5I211178,2018-10-03 05:25:00,-1.0,0.1,12.4,14.27
Flower power 1099,PI040298AD5I211178,2018-10-03 05:40:00,-1.0,0.1,12.78,14.92
Flower power 1099,PI040298AD5I211178,2018-10-03 05:55:00,-1.0,0.1,12.78,16.5
Flower power 1099,PI040298AD5I211178,2018-10-03 06:10:00,-1.0,0.1,12.65,16.66
Flower power 1099,PI040298AD5I211178,2018-10-03 06:25:00,-1.0,0.21,12.78,16.29
Flower power 1099,PI040298AD5I211178,2018-10-03 06:40:00,-1.0,1.05,12.4,17.07
Flower power 1099,PI040298AD5I211178,2018-10-03 06:55:00,-1.0,2.85,12.78,18.54
Flower power 1099,PI040298AD5I211178,2018-10-03 07:10:00,-1.0,6.65,12.91,18.78
Flower power 1099,PI040298AD5I211178,2018-10-03 07:25:00,-1.0,8.72,12.52,18.69
Flower power 1099,PI040298AD5I211178,2018-10-03 07:40:00,-1.0,10.6,12.4,19.48
Flower power 1099,PI040298AD5I211178,2018-10-03 07:55:00,-1.0,13.38,12.78,20.35
Flower power 1099,PI040298AD5I211178,2018-10-03 08:10:00,-1.0,15.7,13.04,21.69
Flower power 1099,PI040298AD5I211178,2018-10-03 08:25:00,-1.0,19.94,12.52,23.74
Flower power 1099,PI040298AD5I211178,2018-10-03 08:40:00,-1.0,20.32,13.04,25.7
Flower power 1099,PI040298AD5I211178,2018-10-03 08:55:00,-1.0,36.06,13.04,27.89
Flower power 1099,PI040298AD5I211178,2018-10-03 09:10:00,-1.0,26.23,12.91,29.97
Flower power 1099,PI040298AD5I211178,2018-10-03 09:25:00,-1.0,55.15,12.91,35.18
Flower power 1099,PI040298AD5I211178,2018-10-03 09:40:00,-1.0,53.14,12.65,37.38
Flower power 1099,PI040298AD5I211178,2018-10-03 09:55:00,-1.0,58.95,12.52,38.93
Flower power 1099,PI040298AD5I211178,2018-10-03 10:10:00,-1.0,28.26,13.04,34.23
Flower power 1099,PI040298AD5I211178,2018-10-03 10:25:00,-1.0,24.28,12.91,34.27
Flower power 1099,PI040298AD5I211178,2018-10-03 10:40:00,-1.0,94.13,13.04,39.56
Flower power 1099,PI040298AD5I211178,2018-10-03 10:55:00,-1.0,122.26,12.65,43.13
Flower power 1099,PI040298AD5I211178,2018-10-03 11:10:00,-1.0,114.41,12.91,45.06
Flower power 1099,PI040298AD5I211178,2018-10-03 11:25:00,-1.0,125.11,13.16,44.43
Flower power 1099,PI040298AD5I211178,2018-10-03 11:40:00,-1.0,129.64,12.91,46.36
Flower power 1099,PI040298AD5I211178,2018-10-03 11:55:00,-1.0,128.09,13.04,46.74
Flower power 1099,PI040298AD5I211178,2018-10-03 12:10:00,-1.0,126.58,12.91,46.91
Flower power 1099,PI040298AD5I211178,2018-10-03 12:25:00,-1.0,116.91,13.16,45.98
Flower power 1099,PI040298AD5I211178,2018-10-03 12:40:00,-1.0,91.67,12.91,43.39
Flower power 1099,PI040298AD5I211178,2018-10-03 12:55:00,-1.0,112.01,12.91,42.57
Flower power 1099,PI040298AD5I211178,2018-10-03 13:10:00,-1.0,76.33,13.29,41.61
Flower power 1099,PI040298AD5I211178,2018-10-03 13:25:00,-1.0,69.68,13.16,41.81
Flower power 1099,PI040298AD5I211178,2018-10-03 13:40:00,-1.0,72.6,12.78,40.57
Flower power 1099,PI040298AD5I211178,2018-10-03 13:55:00,-1.0,64.88,12.91,40.28
Flower power 1099,PI040298AD5I211178,2018-10-03 14:10:00,-1.0,86.41,13.29,41.96
Flower power 1099,PI040298AD5I211178,2018-10-03 14:25:00,-1.0,74.16,12.91,42.82
Flower power 1099,PI040298AD5I211178,2018-10-03 14:40:00,-1.0,34.69,13.04,40.14
Flower power 1099,PI040298AD5I211178,2018-10-03 14:55:00,-1.0,56.98,13.42,38.41
Flower power 1099,PI040298AD5I211178,2018-10-03 15:10:00,-1.0,19.46,13.29,37.52
Flower power 1099,PI040298AD5I211178,2018-10-03 15:25:00,-1.0,18.67,13.04,38.46
Flower power 1099,PI040298AD5I211178,2018-10-03 15:40:00,-1.0,43.57,13.42,36.96
Flower power 1099,PI040298AD5I211178,2018-10-03 15:55:00,-1.0,41.09,13.29,36.64
Flower power 1099,PI040298AD5I211178,2018-10-03 16:10:00,-1.0,38.42,13.42,35.95
Flower power 1099,PI040298AD5I211178,2018-10-03 16:25:00,-1.0,17.29,13.04,32.22
Flower power 1099,PI040298AD5I211178,2018-10-03 16:40:00,-1.0,20.67,13.04,31.96
Flower power 1099,PI040298AD5I211178,2018-10-03 16:55:00,-1.0,23.46,13.29,30.81
Flower power 1099,PI040298AD5I211178,2018-10-03 17:10:00,-1.0,10.1,12.91,27.44
Flower power 1099,PI040298AD5I211178,2018-10-03 17:25:00,-1.0,7.1,12.91,24.93
Flower power 1099,PI040298AD5I211178,2018-10-03 17:40:00,-1.0,4.97,13.16,23.1
Flower power 1099,PI040298AD5I211178,2018-10-03 17:55:00,-1.0,2.85,13.42,21.6
Flower power 1099,PI040298AD5I211178,2018-10-03 18:10:00,-1.0,1.02,13.29,20.5
Flower power 1099,PI040298AD5I211178,2018-10-03 18:25:00,-1.0,0.1,12.91,20.01
Flower power 1099,PI040298AD5I211178,2018-10-03 18:40:00,-1.0,0.1,12.65,20.16
Flower power 1099,PI040298AD5I211178,2018-10-03 18:55:00,-1.0,0.1,12.65,20.74
Flower power 1099,PI040298AD5I211178,2018-10-03 19:10:00,-1.0,0.1,12.78,20.74
Flower power 1099,PI040298AD5I211178,2018-10-03 19:25:00,-1.0,0.1,13.16,20.16
Flower power 1099,PI040298AD5I211178,2018-10-03 19:40:00,-1.0,0.1,13.29,19.67
Flower power 1099,PI040298AD5I211178,2018-10-03 19:55:00,-1.0,0.1,13.04,19.13
Flower power 1099,PI040298AD5I211178,2018-10-03 20:10:00,-1.0,0.1,13.16,18.74
Flower power 1099,PI040298AD5I211178,2018-10-03 20:25:00,-1.0,0.1,13.04,18.74
Flower power 1099,PI040298AD5I211178,2018-10-03 20:40:00,-1.0,0.1,12.91,18.78
Flower power 1099,PI040298AD5I211178,2018-10-03 20:55:00,-1.0,0.1,13.04,18.59
Flower power 1099,PI040298AD5I211178,2018-10-03 21:10:00,-1.0,0.1,12.78,18.08
Flower power 1099,PI040298AD5I211178,2018-10-03 21:25:00,-1.0,0.1,12.91,17.93
Flower power 1099,PI040298AD5I211178,2018-10-03 21:40:00,-1.0,0.1,12.52,17.83
Flower power 1099,PI040298AD5I211178,2018-10-03 21:55:00,-1.0,0.1,12.65,17.43
Flower power 1099,PI040298AD5I211178,2018-10-03 22:10:00,-1.0,0.1,12.91,16.97
Flower power 1099,PI040298AD5I211178,2018-10-03 22:25:00,-1.0,0.1,13.04,16.71
Flower power 1099,PI040298AD5I211178,2018-10-03 22:40:00,-1.0,0.1,13.16,16.4
Flower power 1099,PI040298AD5I211178,2018-10-03 22:55:00,-1.0,0.1,12.52,16.14
Flower power 1099,PI040298AD5I211178,2018-10-03 23:10:00,-1.0,0.1,12.91,15.66
Flower power 1099,PI040298AD5I211178,2018-10-03 23:25:00,-1.0,0.1,13.04,15.5
Flower power 1099,PI040298AD5I211178,2018-10-03 23:40:00,-1.0,0.1,13.04,15.19
Flower power 1099,PI040298AD5I211178,2018-10-03 23:55:00,-1.0,0.1,13.16,15.66
Flower power 1099,PI040298AD5I211178,2018-10-04 00:10:00,-1.0,0.1,12.91,15.45
Flower power 1099,PI040298AD5I211178,2018-10-04 00:25:00,-1.0,0.1,12.65,15.24
Flower power 1099,PI040298AD5I211178,2018-10-04 00:40:00,-1.0,0.1,12.91,15.29
Flower power 1099,PI040298AD5I211178,2018-10-04 00:55:00,-1.0,0.1,12.52,14.7
Flower power 1099,PI040298AD5I211178,2018-10-04 01:10:00,-1.0,0.1,12.91,15.13
Flower power 1099,PI040298AD5I211178,2018-10-04 01:25:00,-1.0,0.1,12.65,14.27
Flower power 1099,PI040298AD5I211178,2018-10-04 01:40:00,-1.0,0.1,12.52,13.89
Flower power 1099,PI040298AD5I211178,2018-10-04 01:55:00,-1.0,0.1,13.16,13.45
Flower power 1099,PI040298AD5I211178,2018-10-04 02:10:00,-1.0,0.1,12.91,13.34
Flower power 1099,PI040298AD5I211178,2018-10-04 02:25:00,-1.0,0.1,12.65,13.23
Flower power 1099,PI040298AD5I211178,2018-10-04 02:40:00,-1.0,0.1,12.91,14.54
Flower power 1099,PI040298AD5I211178,2018-10-04 02:55:00,-1.0,0.1,12.91,14.22
Flower power 1099,PI040298AD5I211178,2018-10-04 03:10:00,-1.0,0.1,13.04,14.33
Flower power 1099,PI040298AD5I211178,2018-10-04 03:25:00,-1.0,0.1,12.91,14.33
Flower power 1099,PI040298AD5I211178,2018-10-04 03:40:00,-1.0,0.1,12.4,14.54
Flower power 1099,PI040298AD5I211178,2018-10-04 03:55:00,-1.0,0.1,12.52,14.0
Flower power 1099,PI040298AD5I211178,2018-10-04 04:10:00,-1.0,0.1,12.91,13.67
Flower power 1099,PI040298AD5I211178,2018-10-04 04:25:00,-1.0,0.1,12.52,14.05
Flower power 1099,PI040298AD5I211178,2018-10-04 04:40:00,-1.0,0.1,12.91,13.78
Flower power 1099,PI040298AD5I211178,2018-10-04 04:55:00,-1.0,0.1,12.78,13.06
Flower power 1099,PI040298AD5I211178,2018-10-04 05:10:00,-1.0,0.1,12.78,12.95
Flower power 1099,PI040298AD5I211178,2018-10-04 05:25:00,-1.0,0.1,12.4,13.23
Flower power 1099,PI040298AD5I211178,2018-10-04 05:40:00,-1.0,0.1,12.91,12.78
Flower power 1099,PI040298AD5I211178,2018-10-04 05:55:00,-1.0,0.1,12.52,12.39
Flower power 1099,PI040298AD5I211178,2018-10-04 06:10:00,-1.0,0.1,12.78,12.67
Flower power 1099,PI040298AD5I211178,2018-10-04 06:25:00,-1.0,0.23,12.52,12.9
Flower power 1099,PI040298AD5I211178,2018-10-04 06:40:00,-1.0,1.35,13.04,12.9
Flower power 1099,PI040298AD5I211178,2018-10-04 06:55:00,-1.0,3.1,12.4,13.34
Flower power 1099,PI040298AD5I211178,2018-10-04 07:10:00,-1.0,4.6,12.91,13.89
Flower power 1099,PI040298AD5I211178,2018-10-04 07:25:00,-1.0,5.78,12.4,14.76
Flower power 1099,PI040298AD5I211178,2018-10-04 07:40:00,-1.0,6.97,12.91,15.5
Flower power 1099,PI040298AD5I211178,2018-10-04 07:55:00,-1.0,8.06,12.78,16.66
Flower power 1099,PI040298AD5I211178,2018-10-04 08:10:00,-1.0,9.4,12.4,17.88
Flower power 1099,PI040298AD5I211178,2018-10-04 08:25:00,-1.0,19.78,12.91,20.11
Flower power 1099,PI040298AD5I211178,2018-10-04 08:40:00,-1.0,16.75,12.52,23.05
Flower power 1099,PI040298AD5I211178,2018-10-04 08:55:00,-1.0,28.18,12.4,26.24
Flower power 1099,PI040298AD5I211178,2018-10-04 09:10:00,-1.0,30.44,12.78,30.89
Flower power 1099,PI040298AD5I211178,2018-10-04 09:25:00,-1.0,43.2,12.65,35.09
Flower power 1099,PI040298AD5I211178,2018-10-04 09:40:00,-1.0,81.7,12.52,38.32
Flower power 1099,PI040298AD5I211178,2018-10-04 09:55:00,-1.0,57.62,12.65,38.74
Flower power 1099,PI040298AD5I211178,2018-10-04 10:10:00,-1.0,36.46,12.65,34.5
Flower power 1099,PI040298AD5I211178,2018-10-04 10:25:00,-1.0,19.62,12.52,34.54
Flower power 1099,PI040298AD5I211178,2018-10-04 10:40:00,-1.0,94.13,13.04,41.51
Flower power 1099,PI040298AD5I211178,2018-10-04 10:55:00,-1.0,128.09,13.04,44.53
Flower power 1099,PI040298AD5I211178,2018-10-04 11:10:00,-1.0,113.2,12.91,46.41
Flower power 1099,PI040298AD5I211178,2018-10-04 11:25:00,-1.0,132.84,13.16,46.74
Flower power 1099,PI040298AD5I211178,2018-10-04 11:40:00,-1.0,134.49,12.78,48.14
Flower power 1099,PI040298AD5I211178,2018-10-04 11:55:00,-1.0,132.84,12.78,49.12
Flower power 1099,PI040298AD5I211178,2018-10-04 12:10:00,-1.0,132.84,12.78,49.12
Flower power 1099,PI040298AD5I211178,2018-10-04 12:25:00,-1.0,128.09,13.04,47.8
Flower power 1099,PI040298AD5I211178,2018-10-04 12:40:00,-1.0,112.01,12.78,47.8
Flower power 1099,PI040298AD5I211178,2018-10-04 12:55:00,-1.0,81.06,13.29,45.98
Flower power 1099,PI040298AD5I211178,2018-10-04 13:10:00,-1.0,99.44,13.29,41.36
Flower power 1099,PI040298AD5I211178,2018-10-04 13:25:00,-1.0,102.31,12.91,44.43
Flower power 1099,PI040298AD5I211178,2018-10-04 13:40:00,-1.0,78.63,13.04,41.56
Flower power 1099,PI040298AD5I211178,2018-10-04 13:55:00,-1.0,45.94,13.04,41.02
Flower power 1099,PI040298AD5I211178,2018-10-04 14:10:00,-1.0,78.04,13.16,43.9
Flower power 1099,PI040298AD5I211178,2018-10-04 14:25:00,-1.0,67.86,12.91,44.9
Flower power 1099,PI040298AD5I211178,2018-10-04 14:40:00,-1.0,68.76,13.16,41.76
Flower power 1099,PI040298AD5I211178,2018-10-04 14:55:00,-1.0,88.59,13.04,41.56
Flower power 1099,PI040298AD5I211178,2018-10-04 15:10:00,-1.0,12.74,13.04,38.27
Flower power 1099,PI040298AD5I211178,2018-10-04 15:25:00,-1.0,12.29,13.16,39.46
Flower power 1099,PI040298AD5I211178,2018-10-04 15:40:00,-1.0,71.11,13.16,41.02
Flower power 1099,PI040298AD5I211178,2018-10-04 15:55:00,-1.0,31.3,13.42,37.38
Flower power 1099,PI040298AD5I211178,2018-10-04 16:10:00,-1.0,56.98,13.42,38.18
Flower power 1099,PI040298AD5I211178,2018-10-04 16:25:00,-1.0,20.49,12.91,33.2
Flower power 1099,PI040298AD5I211178,2018-10-04 16:40:00,-1.0,19.9,13.42,32.76
Flower power 1099,PI040298AD5I211178,2018-10-04 16:55:00,-1.0,23.57,13.42,31.07
Flower power 1099,PI040298AD5I211178,2018-10-04 17:10:00,-1.0,8.78,13.16,26.82
Flower power 1099,PI040298AD5I211178,2018-10-04 17:25:00,-1.0,5.75,13.16,23.47
Flower power 1099,PI040298AD5I211178,2018-10-04 17:40:00,-1.0,4.29,13.16,21.83
Flower power 1099,PI040298AD5I211178,2018-10-04 17:55:00,-1.0,2.56,12.91,20.4
Flower power 1099,PI040298AD5I211178,2018-10-04 18:10:00,-1.0,0.87,12.91,18.88
Flower power 1099,PI040298AD5I211178,2018-10-04 18:25:00,-1.0,0.1,13.16,18.78
Flower power 1099,PI040298AD5I211178,2018-10-04 18:40:00,-1.0,0.1,13.04,18.69
Flower power 1099,PI040298AD5I211178,2018-10-04 18:55:00,-1.0,0.1,13.29,18.29
Flower power 1099,PI040298AD5I211178,2018-10-04 19:10:00,-1.0,0.1,13.04,18.49
Flower power 1099,PI040298AD5I211178,2018-10-04 19:25:00,-1.0,0.1,13.16,17.88
Flower power 1099,PI040298AD5I211178,2018-10-04 19:40:00,-1.0,0.1,12.91,17.83
Flower power 1099,PI040298AD5I211178,2018-10-04 19:55:00,-1.0,0.1,12.78,17.78
Flower power 1099,PI040298AD5I211178,2018-10-04 20:10:00,-1.0,0.1,13.04,18.08
Flower power 1099,PI040298AD5I211178,2018-10-04 20:25:00,-1.0,0.1,13.04,17.78
Flower power 1099,PI040298AD5I211178,2018-10-04 20:40:00,-1.0,0.1,13.16,16.4
Flower power 1099,PI040298AD5I211178,2018-10-04 20:55:00,-1.0,0.1,12.52,16.29
Flower power 1099,PI040298AD5I211178,2018-10-04 21:10:00,-1.0,0.1,13.16,15.98
Flower power 1099,PI040298AD5I211178,2018-10-04 21:25:00,-1.0,0.1,12.52,15.87
Flower power 1099,PI040298AD5I211178,2018-10-04 21:40:00,-1.0,0.1,12.78,15.5
Flower power 1099,PI040298AD5I211178,2018-10-04 21:55:00,-1.0,0.1,13.16,15.4
Flower power 1099,PI040298AD5I211178,2018-10-04 22:10:00,-1.0,0.1,12.91,15.08
Flower power 1099,PI040298AD5I211178,2018-10-04 22:25:00,-1.0,0.1,12.65,15.13
Flower power 1099,PI040298AD5I211178,2018-10-04 22:40:00,-1.0,0.1,13.16,14.76
Flower power 1099,PI040298AD5I211178,2018-10-04 22:55:00,-1.0,0.1,12.78,14.43
Flower power 1099,PI040298AD5I211178,2018-10-04 23:10:00,-1.0,0.1,12.65,14.54
Flower power 1099,PI040298AD5I211178,2018-10-04 23:25:00,-1.0,0.1,12.91,14.33
Flower power 1099,PI040298AD5I211178,2018-10-04 23:40:00,-1.0,0.1,13.04,13.62
Flower power 1099,PI040298AD5I211178,2018-10-04 23:55:00,-1.0,0.1,12.91,13.51
Flower power 1099,PI040298AD5I211178,2018-10-05 00:10:00,-1.0,0.1,12.78,13.28
Flower power 1099,PI040298AD5I211178,2018-10-05 00:25:00,-1.0,0.1,12.91,12.95
Flower power 1099,PI040298AD5I211178,2018-10-05 00:40:00,-1.0,0.1,12.65,13.23
Flower power 1099,PI040298AD5I211178,2018-10-05 00:55:00,-1.0,0.1,13.04,13.23
Flower power 1099,PI040298AD5I211178,2018-10-05 01:10:00,-1.0,0.1,12.78,12.9
Flower power 1099,PI040298AD5I211178,2018-10-05 01:25:00,-1.0,0.1,12.78,12.67
Flower power 1099,PI040298AD5I211178,2018-10-05 01:40:00,-1.0,0.1,12.78,13.23
Flower power 1099,PI040298AD5I211178,2018-10-05 01:55:00,-1.0,0.1,12.91,12.73
Flower power 1099,PI040298AD5I211178,2018-10-05 02:10:00,-1.0,0.1,12.78,12.39
Flower power 1099,PI040298AD5I211178,2018-10-05 02:25:00,-1.0,0.1,12.78,12.62
Flower power 1099,PI040298AD5I211178,2018-10-05 02:40:00,-1.0,0.1,12.78,13.17
Flower power 1099,PI040298AD5I211178,2018-10-05 02:55:00,-1.0,0.1,13.04,12.9
Flower power 1099,PI040298AD5I211178,2018-10-05 03:10:00,-1.0,0.1,12.91,12.84
Flower power 1099,PI040298AD5I211178,2018-10-05 03:25:00,-1.0,0.1,12.91,12.28
Flower power 1099,PI040298AD5I211178,2018-10-05 03:40:00,-1.0,0.1,12.52,11.94
Flower power 1099,PI040298AD5I211178,2018-10-05 03:55:00,-1.0,0.1,12.78,11.36
Flower power 1099,PI040298AD5I211178,2018-10-05 04:10:00,-1.0,0.1,12.65,11.82
Flower power 1099,PI040298AD5I211178,2018-10-05 04:25:00,-1.0,0.1,12.78,11.65
Flower power 1099,PI040298AD5I211178,2018-10-05 04:40:00,-1.0,0.1,12.65,12.22
Flower power 1099,PI040298AD5I211178,2018-10-05 04:55:00,-1.0,0.1,12.52,12.39
Flower power 1099,PI040298AD5I211178,2018-10-05 05:10:00,-1.0,0.1,12.78,12.56
Flower power 1099,PI040298AD5I211178,2018-10-05 05:25:00,-1.0,0.1,12.91,12.5
Flower power 1099,PI040298AD5I211178,2018-10-05 05:40:00,-1.0,0.1,12.91,12.05
Flower power 1099,PI040298AD5I211178,2018-10-05 05:55:00,-1.0,0.1,12.78,11.76
Flower power 1099,PI040298AD5I211178,2018-10-05 06:10:00,-1.0,0.1,12.91,11.54
Flower power 1099,PI040298AD5I211178,2018-10-05 06:25:00,-1.0,0.2,12.52,11.65
Flower power 1099,PI040298AD5I211178,2018-10-05 06:40:00,-1.0,1.27,12.4,11.99
Flower power 1099,PI040298AD5I211178,2018-10-05 06:55:00,-1.0,3.01,12.52,12.22
Flower power 1099,PI040298AD5I211178,2018-10-05 07:10:00,-1.0,4.52,12.4,12.95
Flower power 1099,PI040298AD5I211178,2018-10-05 07:25:00,-1.0,5.71,12.78,13.78
Flower power 1099,PI040298AD5I211178,2018-10-05 07:40:00,-1.0,6.84,12.78,15.03
Flower power 1099,PI040298AD5I211178,2018-10-05 07:55:00,-1.0,7.86,12.78,16.55
Flower power 1099,PI040298AD5I211178,2018-10-05 08:10:00,-1.0,12.2,12.4,18.74
Flower power 1099,PI040298AD5I211178,2018-10-05 08:25:00,-1.0,20.19,12.65,21.41
Flower power 1099,PI040298AD5I211178,2018-10-05 08:40:00,-1.0,16.26,12.91,25.02
Flower power 1099,PI040298AD5I211178,2018-10-05 08:55:00,-1.0,25.34,12.78,27.62
Flower power 1099,PI040298AD5I211178,2018-10-05 09:10:00,-1.0,41.42,12.4,31.78
Flower power 1099,PI040298AD5I211178,2018-10-05 09:25:00,-1.0,47.01,12.78,34.68
Flower power 1099,PI040298AD5I211178,2018-10-05 09:40:00,-1.0,46.15,12.78,36.41
Flower power 1099,PI040298AD5I211178,2018-10-05 09:55:00,-1.0,47.45,12.52,37.57
Flower power 1099,PI040298AD5I211178,2018-10-05 10:10:00,-1.0,28.34,12.52,33.42
Flower power 1099,PI040298AD5I211178,2018-10-05 10:25:00,-1.0,17.51,12.52,32.98
Flower power 1099,PI040298AD5I211178,2018-10-05 10:40:00,-1.0,106.41,13.04,40.09
Flower power 1099,PI040298AD5I211178,2018-10-05 10:55:00,-1.0,128.09,12.65,42.26
Flower power 1099,PI040298AD5I211178,2018-10-05 11:10:00,-1.0,131.22,12.52,43.75
Flower power 1099,PI040298AD5I211178,2018-10-05 11:25:00,-1.0,94.13,12.65,44.06
Flower power 1099,PI040298AD5I211178,2018-10-05 11:40:00,-1.0,132.84,12.78,44.16
Flower power 1099,PI040298AD5I211178,2018-10-05 11:55:00,-1.0,131.22,13.04,46.2
Flower power 1099,PI040298AD5I211178,2018-10-05 12:10:00,-1.0,132.84,13.04,45.06
Flower power 1099,PI040298AD5I211178,2018-10-05 12:25:00,-1.0,113.2,13.29,42.21
Flower power 1099,PI040298AD5I211178,2018-10-05 12:40:00,-1.0,108.59,13.16,43.23
Flower power 1099,PI040298AD5I211178,2018-10-05 12:55:00,-1.0,104.32,12.78,42.06
Flower power 1099,PI040298AD5I211178,2018-10-05 13:10:00,-1.0,54.56,13.29,37.38
Flower power 1099,PI040298AD5I211178,2018-10-05 13:25:00,-1.0,115.65,12.78,41.12
Flower power 1099,PI040298AD5I211178,2018-10-05 13:40:00,-1.0,84.32,12.91,39.27
Flower power 1099,PI040298AD5I211178,2018-10-05 13:55:00,-1.0,31.4,13.16,38.04
Flower power 1099,PI040298AD5I211178,2018-10-05 14:10:00,-1.0,56.98,13.16,40.33
Flower power 1099,PI040298AD5I211178,2018-10-05 14:25:00,-1.0,88.59,13.16,41.51
Flower power 1099,PI040298AD5I211178,2018-10-05 14:40:00,-1.0,83.65,13.29,38.98
Flower power 1099,PI040298AD5I211178,2018-10-05 14:55:00,-1.0,39.01,13.16,37.29
Flower power 1099,PI040298AD5I211178,2018-10-05 15:10:00,-1.0,12.94,13.16,36.41
Flower power 1099,PI040298AD5I211178,2018-10-05 15:25:00,-1.0,12.67,13.29,37.33
Flower power 1099,PI040298AD5I211178,2018-10-05 15:40:00,-1.0,71.6,12.91,37.61
Flower power 1099,PI040298AD5I211178,2018-10-05 15:55:00,-1.0,39.63,13.29,34.05
Flower power 1099,PI040298AD5I211178,2018-10-05 16:10:00,-1.0,54.85,12.91,34.95
Flower power 1099,PI040298AD5I211178,2018-10-05 16:25:00,-1.0,22.38,12.91,30.89
Flower power 1099,PI040298AD5I211178,2018-10-05 16:40:00,-1.0,27.47,13.29,30.81
Flower power 1099,PI040298AD5I211178,2018-10-05 16:55:00,-1.0,20.4,12.91,29.75
Flower power 1099,PI040298AD5I211178,2018-10-05 17:10:00,-1.0,7.58,12.78,26.55
Flower power 1099,PI040298AD5I211178,2018-10-05 17:25:00,-1.0,5.57,13.16,24.66
Flower power 1099,PI040298AD5I211178,2018-10-05 17:40:00,-1.0,4.14,12.91,23.6
Flower power 1099,PI040298AD5I211178,2018-10-05 17:55:00,-1.0,2.41,13.29,22.44
Flower power 1099,PI040298AD5I211178,2018-10-05 18:10:00,-1.0,0.68,12.91,20.5
Flower power 1099,PI040298AD5I211178,2018-10-05 18:25:00,-1.0,0.1,12.65,19.92
Flower power 1099,PI040298AD5I211178,2018-10-05 18:40:00,-1.0,0.1,13.04,19.08
Flower power 1099,PI040298AD5I211178,2018-10-05 18:55:00,-1.0,0.1,13.04,18.29
Flower power 1099,PI040298AD5I211178,2018-10-05 19:10:00,-1.0,0.1,12.91,17.32
Flower power 1099,PI040298AD5I211178,2018-10-05 19:25:00,-1.0,0.1,13.04,17.27
Flower power 1099,PI040298AD5I211178,2018-10-05 19:40:00,-1.0,0.1,12.65,17.22
Flower power 1099,PI040298AD5I211178,2018-10-05 19:55:00,-1.0,0.1,12.91,16.66
Flower power 1099,PI040298AD5I211178,2018-10-05 20:10:00,-1.0,0.1,12.78,16.08
Flower power 1099,PI040298AD5I211178,2018-10-05 20:25:00,-1.0,0.1,12.78,15.93
Flower power 1099,PI040298AD5I211178,2018-10-05 20:40:00,-1.0,0.1,12.65,15.72
Flower power 1099,PI040298AD5I211178,2018-10-05 20:55:00,-1.0,0.1,12.91,15.82
Flower power 1099,PI040298AD5I211178,2018-10-05 21:10:00,-1.0,0.1,12.78,15.35
Flower power 1099,PI040298AD5I211178,2018-10-05 21:25:00,-1.0,0.1,13.04,15.35
Flower power 1099,PI040298AD5I211178,2018-10-05 21:40:00,-1.0,0.1,12.91,14.97
Flower power 1099,PI040298AD5I211178,2018-10-05 21:55:00,-1.0,0.1,13.16,15.13
Flower power 1099,PI040298AD5I211178,2018-10-05 22:10:00,-1.0,0.1,12.52,15.19
Flower power 1099,PI040298AD5I211178,2018-10-05 22:25:00,-1.0,0.1,13.04,15.24
Flower power 1099,PI040298AD5I211178,2018-10-05 22:40:00,-1.0,0.1,12.52,14.92
Flower power 1099,PI040298AD5I211178,2018-10-05 22:55:00,-1.0,0.1,12.91,14.7
Flower power 1099,PI040298AD5I211178,2018-10-05 23:10:00,-1.0,0.1,12.78,14.76
Flower power 1099,PI040298AD5I211178,2018-10-05 23:25:00,-1.0,0.1,13.04,14.65
Flower power 1099,PI040298AD5I211178,2018-10-05 23:40:00,-1.0,0.1,12.78,14.87
Flower power 1099,PI040298AD5I211178,2018-10-05 23:55:00,-1.0,0.1,12.65,14.49
Flower power 1099,PI040298AD5I211178,2018-10-06 00:10:00,-1.0,0.1,12.91,14.54
Flower power 1099,PI040298AD5I211178,2018-10-06 00:25:00,-1.0,0.1,12.91,14.43
Flower power 1099,PI040298AD5I211178,2018-10-06 00:40:00,-1.0,0.1,12.78,14.7
Flower power 1099,PI040298AD5I211178,2018-10-06 00:55:00,-1.0,0.1,12.65,14.49
Flower power 1099,PI040298AD5I211178,2018-10-06 01:10:00,-1.0,0.1,13.04,14.27
Flower power 1099,PI040298AD5I211178,2018-10-06 01:25:00,-1.0,0.1,12.65,14.22
Flower power 1099,PI040298AD5I211178,2018-10-06 01:40:00,-1.0,0.1,13.04,14.05
Flower power 1099,PI040298AD5I211178,2018-10-06 01:55:00,-1.0,0.1,12.52,14.22
Flower power 1099,PI040298AD5I211178,2018-10-06 02:10:00,-1.0,0.1,12.78,14.05
Flower power 1099,PI040298AD5I211178,2018-10-06 02:25:00,-1.0,0.1,12.91,14.05
Flower power 1099,PI040298AD5I211178,2018-10-06 02:40:00,-1.0,0.1,12.91,13.89
Flower power 1099,PI040298AD5I211178,2018-10-06 02:55:00,-1.0,0.1,13.04,13.73
Flower power 1099,PI040298AD5I211178,2018-10-06 03:10:00,-1.0,0.1,12.52,14.05
Flower power 1099,PI040298AD5I211178,2018-10-06 03:25:00,-1.0,0.1,12.78,13.95
Flower power 1099,PI040298AD5I211178,2018-10-06 03:40:00,-1.0,0.1,12.78,13.78
Flower power 1099,PI040298AD5I211178,2018-10-06 03:55:00,-1.0,0.1,13.04,13.67
Flower power 1099,PI040298AD5I211178,2018-10-06 04:10:00,-1.0,0.1,12.65,13.67
Flower power 1099,PI040298AD5I211178,2018-10-06 04:25:00,-1.0,0.1,12.65,13.62
Flower power 1099,PI040298AD5I211178,2018-10-06 04:40:00,-1.0,0.1,12.4,13.84
Flower power 1099,PI040298AD5I211178,2018-10-06 04:55:00,-1.0,0.1,12.91,14.54
Flower power 1099,PI040298AD5I211178,2018-10-06 05:10:00,-1.0,0.1,12.4,14.54
Flower power 1099,PI040298AD5I211178,2018-10-06 05:25:00,-1.0,0.1,12.78,14.38
Flower power 1099,PI040298AD5I211178,2018-10-06 05:40:00,-1.0,0.1,12.78,14.16
Flower power 1099,PI040298AD5I211178,2018-10-06 05:55:00,-1.0,0.1,12.78,13.84
Flower power 1099,PI040298AD5I211178,2018-10-06 06:10:00,-1.0,0.1,12.91,14.76
Flower power 1099,PI040298AD5I211178,2018-10-06 06:25:00,-1.0,0.17,13.04,15.19
Flower power 1099,PI040298AD5I211178,2018-10-06 06:40:00,-1.0,1.17,12.78,14.81
Flower power 1099,PI040298AD5I211178,2018-10-06 06:55:00,-1.0,3.0,12.78,15.66
Flower power 1099,PI040298AD5I211178,2018-10-06 07:10:00,-1.0,4.81,12.91,16.6
Flower power 1099,PI040298AD5I211178,2018-10-06 07:25:00,-1.0,6.57,12.52,17.48
Flower power 1099,PI040298AD5I211178,2018-10-06 07:40:00,-1.0,8.7,12.78,19.18
Flower power 1099,PI040298AD5I211178,2018-10-06 07:55:00,-1.0,9.47,12.4,20.5
Flower power 1099,PI040298AD5I211178,2018-10-06 08:10:00,-1.0,15.55,12.52,22.26
Flower power 1099,PI040298AD5I211178,2018-10-06 08:25:00,-1.0,28.5,13.04,26.64
Flower power 1099,PI040298AD5I211178,2018-10-06 08:40:00,-1.0,26.3,12.78,25.79
Flower power 1099,PI040298AD5I211178,2018-10-06 08:55:00,-1.0,41.42,12.91,28.15
Flower power 1099,PI040298AD5I211178,2018-10-06 09:10:00,-1.0,47.23,12.91,32.44
Flower power 1099,PI040298AD5I211178,2018-10-06 09:25:00,-1.0,37.41,12.91,35.22
Flower power 1099,PI040298AD5I211178,2018-10-06 09:40:00,-1.0,32.32,12.52,34.91
Flower power 1099,PI040298AD5I211178,2018-10-06 09:55:00,-1.0,89.34,12.65,35.68
Flower power 1099,PI040298AD5I211178,2018-10-06 10:10:00,-1.0,40.75,12.65,33.69
Flower power 1099,PI040298AD5I211178,2018-10-06 10:25:00,-1.0,61.78,12.91,34.95
Flower power 1099,PI040298AD5I211178,2018-10-06 10:40:00,-1.0,107.49,12.91,38.51
Flower power 1099,PI040298AD5I211178,2018-10-06 10:55:00,-1.0,78.63,12.91,42.11
Flower power 1099,PI040298AD5I211178,2018-10-06 11:10:00,-1.0,67.86,13.04,39.32
Flower power 1099,PI040298AD5I211178,2018-10-06 11:25:00,-1.0,126.58,12.65,40.28
Flower power 1099,PI040298AD5I211178,2018-10-06 11:40:00,-1.0,129.64,13.04,43.28
Flower power 1099,PI040298AD5I211178,2018-10-06 11:55:00,-1.0,128.09,12.91,45.44
Flower power 1099,PI040298AD5I211178,2018-10-06 12:10:00,-1.0,126.58,13.04,45.65
Flower power 1099,PI040298AD5I211178,2018-10-06 12:25:00,-1.0,125.11,13.04,44.9
Flower power 1099,PI040298AD5I211178,2018-10-06 12:40:00,-1.0,123.67,13.29,43.7
Flower power 1099,PI040298AD5I211178,2018-10-06 12:55:00,-1.0,115.65,13.29,43.28
Flower power 1099,PI040298AD5I211178,2018-10-06 13:10:00,-1.0,101.34,12.91,39.46
Flower power 1099,PI040298AD5I211178,2018-10-06 13:25:00,-1.0,86.41,13.16,41.16
Flower power 1099,PI040298AD5I211178,2018-10-06 13:40:00,-1.0,75.77,13.16,40.04
Flower power 1099,PI040298AD5I211178,2018-10-06 13:55:00,-1.0,38.27,13.04,38.89
Flower power 1099,PI040298AD5I211178,2018-10-06 14:10:00,-1.0,81.7,12.91,41.16
Flower power 1099,PI040298AD5I211178,2018-10-06 14:25:00,-1.0,80.44,12.91,42.16
Flower power 1099,PI040298AD5I211178,2018-10-06 14:40:00,-1.0,62.15,13.16,40.77
Flower power 1099,PI040298AD5I211178,2018-10-06 14:55:00,-1.0,80.44,13.29,41.12
Flower power 1099,PI040298AD5I211178,2018-10-06 15:10:00,-1.0,37.55,13.04,37.57
Flower power 1099,PI040298AD5I211178,2018-10-06 15:25:00,-1.0,16.86,13.04,37.61
Flower power 1099,PI040298AD5I211178,2018-10-06 15:40:00,-1.0,48.12,13.04,37.99
Flower power 1099,PI040298AD5I211178,2018-10-06 15:55:00,-1.0,39.79,13.04,34.82
Flower power 1099,PI040298AD5I211178,2018-10-06 16:10:00,-1.0,35.3,13.29,34.5
Flower power 1099,PI040298AD5I211178,2018-10-06 16:25:00,-1.0,21.68,13.29,30.89
Flower power 1099,PI040298AD5I211178,2018-10-06 16:40:00,-1.0,18.49,13.16,30.36
Flower power 1099,PI040298AD5I211178,2018-10-06 16:55:00,-1.0,18.63,13.29,29.26
Flower power 1099,PI040298AD5I211178,2018-10-06 17:10:00,-1.0,8.89,12.78,26.78
Flower power 1099,PI040298AD5I211178,2018-10-06 17:25:00,-1.0,6.68,13.16,25.25
Flower power 1099,PI040298AD5I211178,2018-10-06 17:40:00,-1.0,4.43,13.16,24.16
Flower power 1099,PI040298AD5I211178,2018-10-06 17:55:00,-1.0,2.22,12.91,23.24
Flower power 1099,PI040298AD5I211178,2018-10-06 18:10:00,-1.0,0.62,12.78,22.58
Flower power 1099,PI040298AD5I211178,2018-10-06 18:25:00,-1.0,0.1,13.16,21.88
Flower power 1099,PI040298AD5I211178,2018-10-06 18:40:00,-1.0,0.1,13.29,21.41
Flower power 1099,PI040298AD5I211178,2018-10-06 18:55:00,-1.0,0.1,13.04,21.12
Flower power 1099,PI040298AD5I211178,2018-10-06 19:10:00,-1.0,0.1,13.29,20.59
Flower power 1099,PI040298AD5I211178,2018-10-06 19:25:00,-1.0,0.1,12.91,20.06
Flower power 1099,PI040298AD5I211178,2018-10-06 19:40:00,-1.0,0.1,13.16,19.48
Flower power 1099,PI040298AD5I211178,2018-10-06 19:55:00,-1.0,0.1,13.04,18.78
Flower power 1099,PI040298AD5I211178,2018-10-06 20:10:00,-1.0,0.1,13.04,19.03
Flower power 1099,PI040298AD5I211178,2018-10-06 20:25:00,-1.0,0.1,13.04,18.64
Flower power 1099,PI040298AD5I211178,2018-10-06 20:40:00,-1.0,0.1,12.91,18.59
Flower power 1099,PI040298AD5I211178,2018-10-06 20:55:00,-1.0,0.1,12.91,18.39
Flower power 1099,PI040298AD5I211178,2018-10-06 21:10:00,-1.0,0.1,12.78,18.39
Flower power 1099,PI040298AD5I211178,2018-10-06 21:25:00,-1.0,0.1,12.78,18.19
Flower power 1099,PI040298AD5I211178,2018-10-06 21:40:00,-1.0,0.1,12.78,18.13
Flower power 1099,PI040298AD5I211178,2018-10-06 21:55:00,-1.0,0.1,13.04,17.17
Flower power 1099,PI040298AD5I211178,2018-10-06 22:10:00,-1.0,0.1,12.91,16.71
Flower power 1099,PI040298AD5I211178,2018-10-06 22:25:00,-1.0,0.1,13.16,16.6
Flower power 1099,PI040298AD5I211178,2018-10-06 22:40:00,-1.0,0.1,12.78,16.76
Flower power 1099,PI040298AD5I211178,2018-10-06 22:55:00,-1.0,0.1,12.65,16.5
Flower power 1099,PI040298AD5I211178,2018-10-06 23:10:00,-1.0,0.1,13.16,16.34
Flower power 1099,PI040298AD5I211178,2018-10-06 23:25:00,-1.0,0.1,13.04,16.08
Flower power 1099,PI040298AD5I211178,2018-10-06 23:40:00,-1.0,0.1,13.04,14.87
Flower power 1099,PI040298AD5I211178,2018-10-06 23:55:00,-1.0,0.1,12.78,14.6
Flower power 1099,PI040298AD5I211178,2018-10-07 00:10:00,-1.0,0.1,12.78,14.6
Flower power 1099,PI040298AD5I211178,2018-10-07 00:25:00,-1.0,0.1,13.04,14.33
Flower power 1099,PI040298AD5I211178,2018-10-07 00:40:00,-1.0,0.1,12.52,13.84
Flower power 1099,PI040298AD5I211178,2018-10-07 00:55:00,-1.0,0.1,12.91,14.38
Flower power 1099,PI040298AD5I211178,2018-10-07 01:10:00,-1.0,0.1,13.04,14.43
Flower power 1099,PI040298AD5I211178,2018-10-07 01:25:00,-1.0,0.1,12.65,14.97
Flower power 1099,PI040298AD5I211178,2018-10-07 01:40:00,-1.0,0.1,12.91,15.93
Flower power 1099,PI040298AD5I211178,2018-10-07 01:55:00,-1.0,0.1,12.78,15.77
Flower power 1099,PI040298AD5I211178,2018-10-07 02:10:00,-1.0,0.1,12.91,15.93
Flower power 1099,PI040298AD5I211178,2018-10-07 02:25:00,-1.0,0.1,13.16,16.4
Flower power 1099,PI040298AD5I211178,2018-10-07 02:40:00,-1.0,0.1,12.91,14.33
Flower power 1099,PI040298AD5I211178,2018-10-07 02:55:00,-1.0,0.1,13.04,13.67
Flower power 1099,PI040298AD5I211178,2018-10-07 03:10:00,-1.0,0.1,12.78,14.05
Flower power 1099,PI040298AD5I211178,2018-10-07 03:25:00,-1.0,0.1,13.04,13.84
Flower power 1099,PI040298AD5I211178,2018-10-07 03:40:00,-1.0,0.1,12.52,13.23
Flower power 1099,PI040298AD5I211178,2018-10-07 03:55:00,-1.0,0.1,13.04,13.62
Flower power 1099,PI040298AD5I211178,2018-10-07 04:10:00,-1.0,0.1,12.65,13.23
Flower power 1099,PI040298AD5I211178,2018-10-07 04:25:00,-1.0,0.1,12.91,13.06
Flower power 1099,PI040298AD5I211178,2018-10-07 04:40:00,-1.0,0.1,12.52,13.12
Flower power 1099,PI040298AD5I211178,2018-10-07 04:55:00,-1.0,0.1,13.04,12.39
Flower power 1099,PI040298AD5I211178,2018-10-07 05:10:00,-1.0,0.1,12.65,11.82
Flower power 1099,PI040298AD5I211178,2018-10-07 05:25:00,-1.0,0.1,12.52,12.62
Flower power 1099,PI040298AD5I211178,2018-10-07 05:40:00,-1.0,0.1,12.52,12.16
Flower power 1099,PI040298AD5I211178,2018-10-07 05:55:00,-1.0,0.1,12.91,12.33
Flower power 1099,PI040298AD5I211178,2018-10-07 06:10:00,-1.0,0.1,12.78,12.73
Flower power 1099,PI040298AD5I211178,2018-10-07 06:25:00,-1.0,0.15,12.91,13.34
Flower power 1099,PI040298AD5I211178,2018-10-07 06:40:00,-1.0,1.09,12.52,13.73
Flower power 1099,PI040298AD5I211178,2018-10-07 06:55:00,-1.0,2.93,12.91,14.38
Flower power 1099,PI040298AD5I211178,2018-10-07 07:10:00,-1.0,4.79,12.78,14.97
Flower power 1099,PI040298AD5I211178,2018-10-07 07:25:00,-1.0,6.35,12.52,15.4
Flower power 1099,PI040298AD5I211178,2018-10-07 07:40:00,-1.0,7.72,12.4,16.4
Flower power 1099,PI040298AD5I211178,2018-10-07 07:55:00,-1.0,9.02,12.78,17.32
Flower power 1099,PI040298AD5I211178,2018-10-07 08:10:00,-1.0,11.74,12.4,18.69
Flower power 1099,PI040298AD5I211178,2018-10-07 08:25:00,-1.0,13.63,12.91,20.21
Flower power 1099,PI040298AD5I211178,2018-10-07 08:40:00,-1.0,13.49,12.91,23.14
Flower power 1099,PI040298AD5I211178,2018-10-07 08:55:00,-1.0,18.52,12.78,24.66
Flower power 1099,PI040298AD5I211178,2018-10-07 09:10:00,-1.0,29.79,12.78,31.47
Flower power 1099,PI040298AD5I211178,2018-10-07 09:25:00,-1.0,46.79,13.04,34.1
Flower power 1099,PI040298AD5I211178,2018-10-07 09:40:00,-1.0,25.48,12.52,32.98
Flower power 1099,PI040298AD5I211178,2018-10-07 09:55:00,-1.0,69.68,12.78,34.54
Flower power 1099,PI040298AD5I211178,2018-10-07 10:10:00,-1.0,72.1,12.65,32.76
Flower power 1099,PI040298AD5I211178,2018-10-07 10:25:00,-1.0,59.63,12.78,34.95
Flower power 1099,PI040298AD5I211178,2018-10-07 10:40:00,-1.0,100.38,12.65,40.72
Flower power 1099,PI040298AD5I211178,2018-10-07 10:55:00,-1.0,122.26,12.65,45.71
Flower power 1099,PI040298AD5I211178,2018-10-07 11:10:00,-1.0,125.11,12.91,45.33
Flower power 1099,PI040298AD5I211178,2018-10-07 11:25:00,-1.0,120.88,12.91,43.59
Flower power 1099,PI040298AD5I211178,2018-10-07 11:40:00,-1.0,128.09,13.04,44.37
Flower power 1099,PI040298AD5I211178,2018-10-07 11:55:00,-1.0,129.64,12.91,46.09
Flower power 1099,PI040298AD5I211178,2018-10-07 12:10:00,-1.0,128.09,12.78,45.82
Flower power 1099,PI040298AD5I211178,2018-10-07 12:25:00,-1.0,81.7,12.65,42.97
Flower power 1099,PI040298AD5I211178,2018-10-07 12:40:00,-1.0,122.26,12.78,44.64
Flower power 1099,PI040298AD5I211178,2018-10-07 12:55:00,-1.0,75.77,13.04,42.16
Flower power 1099,PI040298AD5I211178,2018-10-07 13:10:00,-1.0,75.77,13.04,40.04
Flower power 1099,PI040298AD5I211178,2018-10-07 13:25:00,-1.0,118.21,13.04,42.67
Flower power 1099,PI040298AD5I211178,2018-10-07 13:40:00,-1.0,85.7,12.91,40.48
Flower power 1099,PI040298AD5I211178,2018-10-07 13:55:00,-1.0,29.27,13.29,38.51
Flower power 1099,PI040298AD5I211178,2018-10-07 14:10:00,-1.0,79.22,13.16,40.82
Flower power 1099,PI040298AD5I211178,2018-10-07 14:25:00,-1.0,94.97,13.29,39.56
Flower power 1099,PI040298AD5I211178,2018-10-07 14:40:00,-1.0,90.11,12.91,36.41
Flower power 1099,PI040298AD5I211178,2018-10-07 14:55:00,-1.0,12.61,13.04,34.86
Flower power 1099,PI040298AD5I211178,2018-10-07 15:10:00,-1.0,13.01,12.91,34.5
Flower power 1099,PI040298AD5I211178,2018-10-07 15:25:00,-1.0,24.7,13.16,34.5
Flower power 1099,PI040298AD5I211178,2018-10-07 15:40:00,-1.0,67.86,13.16,34.1
Flower power 1099,PI040298AD5I211178,2018-10-07 15:55:00,-1.0,28.5,13.16,30.06
Flower power 1099,PI040298AD5I211178,2018-10-07 16:10:00,-1.0,41.25,13.16,30.59
Flower power 1099,PI040298AD5I211178,2018-10-07 16:25:00,-1.0,30.34,13.16,28.69
Flower power 1099,PI040298AD5I211178,2018-10-07 16:40:00,-1.0,20.28,13.16,26.91
Flower power 1099,PI040298AD5I211178,2018-10-07 16:55:00,-1.0,17.2,12.78,25.02
Flower power 1099,PI040298AD5I211178,2018-10-07 17:10:00,-1.0,6.34,13.16,22.91
Flower power 1099,PI040298AD5I211178,2018-10-07 17:25:00,-1.0,4.98,12.78,21.45
Flower power 1099,PI040298AD5I211178,2018-10-07 17:40:00,-1.0,3.64,12.78,20.55
Flower power 1099,PI040298AD5I211178,2018-10-07 17:55:00,-1.0,1.87,12.91,19.62
Flower power 1099,PI040298AD5I211178,2018-10-07 18:10:00,-1.0,0.43,13.04,18.39
Flower power 1099,PI040298AD5I211178,2018-10-07 18:25:00,-1.0,0.1,12.91,17.98
Flower power 1099,PI040298AD5I211178,2018-10-07 18:40:00,-1.0,0.1,12.78,18.19
Flower power 1099,PI040298AD5I211178,2018-10-07 18:55:00,-1.0,0.1,13.04,17.58
Flower power 1099,PI040298AD5I211178,2018-10-07 19:10:00,-1.0,0.1,13.04,17.07
Flower power 1099,PI040298AD5I211178,2018-10-07 19:25:00,-1.0,0.1,12.91,17.12
Flower power 1099,PI040298AD5I211178,2018-10-07 19:40:00,-1.0,0.1,12.91,17.12
Flower power 1099,PI040298AD5I211178,2018-10-07 19:55:00,-1.0,0.1,13.16,16.97
Flower power 1099,PI040298AD5I211178,2018-10-07 20:10:00,-1.0,0.1,12.91,16.29
Flower power 1099,PI040298AD5I211178,2018-10-07 20:25:00,-1.0,0.1,12.65,15.98
Flower power 1099,PI040298AD5I211178,2018-10-07 20:40:00,-1.0,0.1,12.91,15.45
Flower power 1099,PI040298AD5I211178,2018-10-07 20:55:00,-1.0,0.1,12.65,14.97
Flower power 1099,PI040298AD5I211178,2018-10-07 21:10:00,-1.0,0.1,12.65,15.45
Flower power 1099,PI040298AD5I211178,2018-10-07 21:25:00,-1.0,0.1,12.91,15.87
Flower power 1099,PI040298AD5I211178,2018-10-07 21:40:00,-1.0,0.1,12.65,15.45
Flower power 1099,PI040298AD5I211178,2018-10-07 21:55:00,-1.0,0.1,13.04,15.77
Flower power 1099,PI040298AD5I211178,2018-10-07 22:10:00,-1.0,0.1,13.16,15.61
Flower power 1099,PI040298AD5I211178,2018-10-07 22:25:00,-1.0,0.1,12.91,15.82
Flower power 1099,PI040298AD5I211178,2018-10-07 22:40:00,-1.0,0.1,12.52,15.87
Flower power 1099,PI040298AD5I211178,2018-10-07 22:55:00,-1.0,0.1,12.91,15.5
Flower power 1099,PI040298AD5I211178,2018-10-07 23:10:00,-1.0,0.1,12.65,14.87
Flower power 1099,PI040298AD5I211178,2018-10-07 23:25:00,-1.0,0.1,12.91,14.43
Flower power 1099,PI040298AD5I211178,2018-10-07 23:40:00,-1.0,0.1,12.91,13.73
Flower power 1099,PI040298AD5I211178,2018-10-07 23:55:00,-1.0,0.1,12.91,13.12
Flower power 1099,PI040298AD5I211178,2018-10-08 00:10:00,-1.0,0.1,13.04,12.33
Flower power 1099,PI040298AD5I211178,2018-10-08 00:25:00,-1.0,0.1,12.91,11.36
Flower power 1099,PI040298AD5I211178,2018-10-08 00:40:00,-1.0,0.1,12.65,11.25
Flower power 1099,PI040298AD5I211178,2018-10-08 00:55:00,-1.0,0.1,12.91,12.5
Flower power 1099,PI040298AD5I211178,2018-10-08 01:10:00,-1.0,0.1,12.78,13.17
Flower power 1099,PI040298AD5I211178,2018-10-08 01:25:00,-1.0,0.1,12.52,12.16
Flower power 1099,PI040298AD5I211178,2018-10-08 01:40:00,-1.0,0.1,13.04,11.99
Flower power 1099,PI040298AD5I211178,2018-10-08 01:55:00,-1.0,0.1,12.91,11.76
Flower power 1099,PI040298AD5I211178,2018-10-08 02:10:00,-1.0,0.1,12.78,10.37
Flower power 1099,PI040298AD5I211178,2018-10-08 02:25:00,-1.0,0.1,12.4,11.65
Flower power 1099,PI040298AD5I211178,2018-10-08 02:40:00,-1.0,0.1,12.52,9.96
Flower power 1099,PI040298AD5I211178,2018-10-08 02:55:00,-1.0,0.1,12.65,9.48
Flower power 1099,PI040298AD5I211178,2018-10-08 03:10:00,-1.0,0.1,12.4,9.06
Flower power 1099,PI040298AD5I211178,2018-10-08 03:25:00,-1.0,0.1,12.52,9.0
Flower power 1099,PI040298AD5I211178,2018-10-08 03:40:00,-1.0,0.1,12.65,9.24
Flower power 1099,PI040298AD5I211178,2018-10-08 03:55:00,-1.0,0.1,12.78,8.63
Flower power 1099,PI040298AD5I211178,2018-10-08 04:10:00,-1.0,0.1,12.65,9.3
Flower power 1099,PI040298AD5I211178,2018-10-08 04:25:00,-1.0,0.1,12.52,9.9
Flower power 1099,PI040298AD5I211178,2018-10-08 04:40:00,-1.0,0.1,12.52,9.18
Flower power 1099,PI040298AD5I211178,2018-10-08 04:55:00,-1.0,0.1,12.65,8.51
Flower power 1099,PI040298AD5I211178,2018-10-08 05:10:00,-1.0,0.1,12.91,7.52
Flower power 1099,PI040298AD5I211178,2018-10-08 05:25:00,-1.0,0.1,12.65,7.95
Flower power 1099,PI040298AD5I211178,2018-10-08 05:40:00,-1.0,0.1,12.91,9.24
Flower power 1099,PI040298AD5I211178,2018-10-08 05:55:00,-1.0,0.1,12.78,9.42
Flower power 1099,PI040298AD5I211178,2018-10-08 06:10:00,-1.0,0.1,12.65,9.66
Flower power 1099,PI040298AD5I211178,2018-10-08 06:25:00,-1.0,0.12,12.52,9.06
Flower power 1099,PI040298AD5I211178,2018-10-08 06:40:00,-1.0,1.04,12.78,10.08
Flower power 1099,PI040298AD5I211178,2018-10-08 06:55:00,-1.0,2.7,12.78,10.66
Flower power 1099,PI040298AD5I211178,2018-10-08 07:10:00,-1.0,4.21,12.78,11.59
Flower power 1099,PI040298AD5I211178,2018-10-08 07:25:00,-1.0,5.47,12.65,11.76
Flower power 1099,PI040298AD5I211178,2018-10-08 07:40:00,-1.0,6.62,12.78,12.16
Flower power 1099,PI040298AD5I211178,2018-10-08 07:55:00,-1.0,7.84,12.78,12.67
Flower power 1099,PI040298AD5I211178,2018-10-08 08:10:00,-1.0,9.95,12.52,14.49
Flower power 1099,PI040298AD5I211178,2018-10-08 08:25:00,-1.0,11.21,12.27,16.19
Flower power 1099,PI040298AD5I211178,2018-10-08 08:40:00,-1.0,15.83,12.52,18.93
Flower power 1099,PI040298AD5I211178,2018-10-08 08:55:00,-1.0,19.0,12.65,20.4
Flower power 1099,PI040298AD5I211178,2018-10-08 09:10:00,-1.0,63.68,12.52,29.35
Flower power 1099,PI040298AD5I211178,2018-10-08 09:25:00,-1.0,86.41,12.91,34.54
Flower power 1099,PI040298AD5I211178,2018-10-08 09:40:00,-1.0,33.41,12.52,32.71
Flower power 1099,PI040298AD5I211178,2018-10-08 09:55:00,-1.0,95.83,12.65,34.14
Flower power 1099,PI040298AD5I211178,2018-10-08 10:10:00,-1.0,74.16,12.91,32.09
Flower power 1099,PI040298AD5I211178,2018-10-08 10:25:00,-1.0,96.71,12.65,33.6
Flower power 1099,PI040298AD5I211178,2018-10-08 10:40:00,-1.0,90.11,12.91,37.8
Flower power 1099,PI040298AD5I211178,2018-10-08 10:55:00,-1.0,123.67,12.65,43.08
Flower power 1099,PI040298AD5I211178,2018-10-08 11:10:00,-1.0,126.58,12.65,44.06
Flower power 1099,PI040298AD5I211178,2018-10-08 11:25:00,-1.0,129.64,12.91,45.01
Flower power 1099,PI040298AD5I211178,2018-10-08 11:40:00,-1.0,131.22,12.78,45.92
Flower power 1099,PI040298AD5I211178,2018-10-08 11:55:00,-1.0,131.22,12.65,45.17
Flower power 1099,PI040298AD5I211178,2018-10-08 12:10:00,-1.0,125.11,12.65,46.25
Flower power 1099,PI040298AD5I211178,2018-10-08 12:25:00,-1.0,101.34,13.04,44.8
Flower power 1099,PI040298AD5I211178,2018-10-08 12:40:00,-1.0,81.06,13.16,43.54
Flower power 1099,PI040298AD5I211178,2018-10-08 12:55:00,-1.0,125.11,13.29,44.59
Flower power 1099,PI040298AD5I211178,2018-10-08 13:10:00,-1.0,75.23,12.91,38.51
Flower power 1099,PI040298AD5I211178,2018-10-08 13:25:00,-1.0,103.31,13.04,43.08
Flower power 1099,PI040298AD5I211178,2018-10-08 13:40:00,-1.0,61.04,13.04,40.33
Flower power 1099,PI040298AD5I211178,2018-10-08 13:55:00,-1.0,23.02,12.91,37.19
Flower power 1099,PI040298AD5I211178,2018-10-08 14:10:00,-1.0,78.04,13.16,41.31
Flower power 1099,PI040298AD5I211178,2018-10-08 14:25:00,-1.0,95.83,13.04,40.72
Flower power 1099,PI040298AD5I211178,2018-10-08 14:40:00,-1.0,37.27,12.91,39.12
Flower power 1099,PI040298AD5I211178,2018-10-08 14:55:00,-1.0,87.12,12.78,40.04
Flower power 1099,PI040298AD5I211178,2018-10-08 15:10:00,-1.0,11.61,12.91,36.32
Flower power 1099,PI040298AD5I211178,2018-10-08 15:25:00,-1.0,40.92,12.91,36.04
Flower power 1099,PI040298AD5I211178,2018-10-08 15:40:00,-1.0,62.53,13.29,37.15
Flower power 1099,PI040298AD5I211178,2018-10-08 15:55:00,-1.0,11.98,13.29,31.82
Flower power 1099,PI040298AD5I211178,2018-10-08 16:10:00,-1.0,45.74,13.29,32.36
Flower power 1099,PI040298AD5I211178,2018-10-08 16:25:00,-1.0,17.51,12.78,28.02
Flower power 1099,PI040298AD5I211178,2018-10-08 16:40:00,-1.0,12.39,13.16,27.8
Flower power 1099,PI040298AD5I211178,2018-10-08 16:55:00,-1.0,10.93,13.16,25.16
Flower power 1099,PI040298AD5I211178,2018-10-08 17:10:00,-1.0,6.23,13.04,22.86
Flower power 1099,PI040298AD5I211178,2018-10-08 17:25:00,-1.0,4.9,12.65,21.41
Flower power 1099,PI040298AD5I211178,2018-10-08 17:40:00,-1.0,3.57,13.16,20.4
Flower power 1099,PI040298AD5I211178,2018-10-08 17:55:00,-1.0,1.89,12.65,19.33
Flower power 1099,PI040298AD5I211178,2018-10-08 18:10:00,-1.0,0.46,13.29,18.24
Flower power 1099,PI040298AD5I211178,2018-10-08 18:25:00,-1.0,0.1,12.91,17.22
Flower power 1099,PI040298AD5I211178,2018-10-08 18:40:00,-1.0,0.1,13.04,17.12
Flower power 1099,PI040298AD5I211178,2018-10-08 18:55:00,-1.0,0.1,13.29,17.17
Flower power 1099,PI040298AD5I211178,2018-10-08 19:10:00,-1.0,0.1,13.16,16.6
Flower power 1099,PI040298AD5I211178,2018-10-08 19:25:00,-1.0,0.1,13.04,16.19
Flower power 1099,PI040298AD5I211178,2018-10-08 19:40:00,-1.0,0.1,12.91,16.19
Flower power 1099,PI040298AD5I211178,2018-10-08 19:55:00,-1.0,0.1,12.91,15.77
Flower power 1099,PI040298AD5I211178,2018-10-08 20:10:00,-1.0,0.1,13.04,15.35
Flower power 1099,PI040298AD5I211178,2018-10-08 20:25:00,-1.0,0.1,12.65,14.97
Flower power 1099,PI040298AD5I211178,2018-10-08 20:40:00,-1.0,0.1,12.52,14.76
Flower power 1099,PI040298AD5I211178,2018-10-08 20:55:00,-1.0,0.1,13.04,14.38
Flower power 1099,PI040298AD5I211178,2018-10-08 21:10:00,-1.0,0.1,12.52,13.78
Flower power 1099,PI040298AD5I211178,2018-10-08 21:25:00,-1.0,0.1,12.78,13.06
Flower power 1099,PI040298AD5I211178,2018-10-08 21:40:00,-1.0,0.1,12.91,13.62
Flower power 1099,PI040298AD5I211178,2018-10-08 21:55:00,-1.0,0.1,12.91,14.16
Flower power 1099,PI040298AD5I211178,2018-10-08 22:10:00,-1.0,0.1,12.91,13.67
Flower power 1099,PI040298AD5I211178,2018-10-08 22:25:00,-1.0,0.1,12.65,14.11
Flower power 1099,PI040298AD5I211178,2018-10-08 22:40:00,-1.0,0.1,13.04,14.33
Flower power 1099,PI040298AD5I211178,2018-10-08 22:55:00,-1.0,0.1,12.65,14.16
Flower power 1099,PI040298AD5I211178,2018-10-08 23:10:00,-1.0,0.1,12.78,14.11
Flower power 1099,PI040298AD5I211178,2018-10-08 23:25:00,-1.0,0.1,12.52,13.84
Flower power 1099,PI040298AD5I211178,2018-10-08 23:40:00,-1.0,0.1,12.91,13.01
Flower power 1099,PI040298AD5I211178,2018-10-08 23:55:00,-1.0,0.1,13.04,13.01
Flower power 1099,PI040298AD5I211178,2018-10-09 00:10:00,-1.0,0.1,12.91,12.62
Flower power 1099,PI040298AD5I211178,2018-10-09 00:25:00,-1.0,0.1,13.04,11.36
Flower power 1099,PI040298AD5I211178,2018-10-09 00:40:00,-1.0,0.1,12.91,10.96
Flower power 1099,PI040298AD5I211178,2018-10-09 00:55:00,-1.0,0.1,13.04,10.9
Flower power 1099,PI040298AD5I211178,2018-10-09 01:10:00,-1.0,0.1,12.52,10.66
Flower power 1099,PI040298AD5I211178,2018-10-09 01:25:00,-1.0,0.1,13.04,11.13
Flower power 1099,PI040298AD5I211178,2018-10-09 01:40:00,-1.0,0.1,12.91,11.54
Flower power 1099,PI040298AD5I211178,2018-10-09 01:55:00,-1.0,0.1,13.04,10.37
Flower power 1099,PI040298AD5I211178,2018-10-09 02:10:00,-1.0,0.1,12.78,10.08
Flower power 1099,PI040298AD5I211178,2018-10-09 02:25:00,-1.0,0.1,12.4,10.49
Flower power 1099,PI040298AD5I211178,2018-10-09 02:40:00,-1.0,0.1,12.78,10.19
Flower power 1099,PI040298AD5I211178,2018-10-09 02:55:00,-1.0,0.1,12.78,9.6
Flower power 1099,PI040298AD5I211178,2018-10-09 03:10:00,-1.0,0.1,12.65,9.84
Flower power 1099,PI040298AD5I211178,2018-10-09 03:25:00,-1.0,0.1,12.65,9.48
Flower power 1099,PI040298AD5I211178,2018-10-09 03:40:00,-1.0,0.1,12.78,9.78
Flower power 1099,PI040298AD5I211178,2018-10-09 03:55:00,-1.0,0.1,12.78,9.78
Flower power 1099,PI040298AD5I211178,2018-10-09 04:10:00,-1.0,0.1,12.78,9.66
Flower power 1099,PI040298AD5I211178,2018-10-09 04:25:00,-1.0,0.1,12.91,9.9
Flower power 1099,PI040298AD5I211178,2018-10-09 04:40:00,-1.0,0.1,12.52,9.48
Flower power 1099,PI040298AD5I211178,2018-10-09 04:55:00,-1.0,0.1,12.52,9.48
Flower power 1099,PI040298AD5I211178,2018-10-09 05:10:00,-1.0,0.1,12.4,9.36
Flower power 1099,PI040298AD5I211178,2018-10-09 05:25:00,-1.0,0.1,12.52,9.66
Flower power 1099,PI040298AD5I211178,2018-10-09 05:40:00,-1.0,0.1,12.78,9.36
Flower power 1099,PI040298AD5I211178,2018-10-09 05:55:00,-1.0,0.1,12.78,8.57
Flower power 1099,PI040298AD5I211178,2018-10-09 06:10:00,-1.0,0.1,12.91,8.39
Flower power 1099,PI040298AD5I211178,2018-10-09 06:25:00,-1.0,0.1,12.27,8.81
Flower power 1099,PI040298AD5I211178,2018-10-09 06:40:00,-1.0,0.89,12.91,9.3
Flower power 1099,PI040298AD5I211178,2018-10-09 06:55:00,-1.0,2.56,12.91,9.66
Flower power 1099,PI040298AD5I211178,2018-10-09 07:10:00,-1.0,4.22,12.78,10.31
Flower power 1099,PI040298AD5I211178,2018-10-09 07:25:00,-1.0,5.56,12.78,10.84
Flower power 1099,PI040298AD5I211178,2018-10-09 07:40:00,-1.0,6.66,12.27,11.71
Flower power 1099,PI040298AD5I211178,2018-10-09 07:55:00,-1.0,7.86,12.27,12.78
Flower power 1099,PI040298AD5I211178,2018-10-09 08:10:00,-1.0,9.62,12.78,13.78
Flower power 1099,PI040298AD5I211178,2018-10-09 08:25:00,-1.0,13.97,12.4,15.19
Flower power 1099,PI040298AD5I211178,2018-10-09 08:40:00,-1.0,11.02,12.4,17.58
Flower power 1099,PI040298AD5I211178,2018-10-09 08:55:00,-1.0,13.65,12.78,19.28
Flower power 1099,PI040298AD5I211178,2018-10-09 09:10:00,-1.0,79.22,12.52,29.0
Flower power 1099,PI040298AD5I211178,2018-10-09 09:25:00,-1.0,59.98,12.4,32.31
Flower power 1099,PI040298AD5I211178,2018-10-09 09:40:00,-1.0,63.68,12.78,31.78
Flower power 1099,PI040298AD5I211178,2018-10-09 09:55:00,-1.0,64.88,12.78,33.33
Flower power 1099,PI040298AD5I211178,2018-10-09 10:10:00,-1.0,29.62,12.52,30.85
Flower power 1099,PI040298AD5I211178,2018-10-09 10:25:00,-1.0,73.63,12.78,34.5
Flower power 1099,PI040298AD5I211178,2018-10-09 10:40:00,-1.0,114.41,13.04,37.15
Flower power 1099,PI040298AD5I211178,2018-10-09 10:55:00,-1.0,119.53,12.91,42.47
Flower power 1099,PI040298AD5I211178,2018-10-09 11:10:00,-1.0,123.67,12.65,43.96
Flower power 1099,PI040298AD5I211178,2018-10-09 11:25:00,-1.0,123.67,12.65,43.9
Flower power 1099,PI040298AD5I211178,2018-10-09 11:40:00,-1.0,125.11,13.04,45.82
Flower power 1099,PI040298AD5I211178,2018-10-09 11:55:00,-1.0,126.58,13.16,44.96
Flower power 1099,PI040298AD5I211178,2018-10-09 12:10:00,-1.0,122.26,12.91,44.16
Flower power 1099,PI040298AD5I211178,2018-10-09 12:25:00,-1.0,113.2,13.04,42.62
Flower power 1099,PI040298AD5I211178,2018-10-09 12:40:00,-1.0,123.67,13.16,44.59
Flower power 1099,PI040298AD5I211178,2018-10-09 12:55:00,-1.0,120.88,13.29,43.08
Flower power 1099,PI040298AD5I211178,2018-10-09 13:10:00,-1.0,37.98,13.04,37.06
Flower power 1099,PI040298AD5I211178,2018-10-09 13:25:00,-1.0,106.41,12.91,40.14
Flower power 1099,PI040298AD5I211178,2018-10-09 13:40:00,-1.0,81.7,13.04,39.7
Flower power 1099,PI040298AD5I211178,2018-10-09 13:55:00,-1.0,43.01,12.91,35.77
Flower power 1099,PI040298AD5I211178,2018-10-09 14:10:00,-1.0,72.6,12.91,38.98
Flower power 1099,PI040298AD5I211178,2018-10-09 14:25:00,-1.0,91.67,13.04,39.51
Flower power 1099,PI040298AD5I211178,2018-10-09 14:40:00,-1.0,70.63,13.29,41.02
Flower power 1099,PI040298AD5I211178,2018-10-09 14:55:00,-1.0,81.7,13.16,38.37
Flower power 1099,PI040298AD5I211178,2018-10-09 15:10:00,-1.0,12.64,13.04,35.5
Flower power 1099,PI040298AD5I211178,2018-10-09 15:25:00,-1.0,23.29,12.78,36.55
Flower power 1099,PI040298AD5I211178,2018-10-09 15:40:00,-1.0,57.95,13.29,35.91
Flower power 1099,PI040298AD5I211178,2018-10-09 15:55:00,-1.0,14.13,13.16,30.81
Flower power 1099,PI040298AD5I211178,2018-10-09 16:10:00,-1.0,26.3,13.29,30.72
Flower power 1099,PI040298AD5I211178,2018-10-09 16:25:00,-1.0,11.19,13.16,27.76
Flower power 1099,PI040298AD5I211178,2018-10-09 16:40:00,-1.0,15.25,13.16,27.53
Flower power 1099,PI040298AD5I211178,2018-10-09 16:55:00,-1.0,7.53,12.91,24.34
Flower power 1099,PI040298AD5I211178,2018-10-09 17:10:00,-1.0,6.58,13.16,22.72
Flower power 1099,PI040298AD5I211178,2018-10-09 17:25:00,-1.0,5.05,13.16,21.74
Flower power 1099,PI040298AD5I211178,2018-10-09 17:40:00,-1.0,3.65,12.91,20.83
Flower power 1099,PI040298AD5I211178,2018-10-09 17:55:00,-1.0,1.71,12.91,19.82
Flower power 1099,PI040298AD5I211178,2018-10-09 18:10:00,-1.0,0.37,13.29,18.74
Flower power 1099,PI040298AD5I211178,2018-10-09 18:25:00,-1.0,0.1,13.29,17.27
Flower power 1099,PI040298AD5I211178,2018-10-09 18:40:00,-1.0,0.1,13.04,16.45
Flower power 1099,PI040298AD5I211178,2018-10-09 18:55:00,-1.0,0.1,12.78,15.66
Flower power 1099,PI040298AD5I211178,2018-10-09 19:10:00,-1.0,0.1,12.91,15.03
Flower power 1099,PI040298AD5I211178,2018-10-09 19:25:00,-1.0,0.1,12.65,14.87
Flower power 1099,PI040298AD5I211178,2018-10-09 19:40:00,-1.0,0.1,13.04,14.54
Flower power 1099,PI040298AD5I211178,2018-10-09 19:55:00,-1.0,0.1,13.04,14.22
Flower power 1099,PI040298AD5I211178,2018-10-09 20:10:00,-1.0,0.1,12.78,14.0
Flower power 1099,PI040298AD5I211178,2018-10-09 20:25:00,-1.0,0.1,12.91,13.67
Flower power 1099,PI040298AD5I211178,2018-10-09 20:40:00,-1.0,0.1,12.52,13.62
Flower power 1099,PI040298AD5I211178,2018-10-09 20:55:00,-1.0,0.1,13.16,13.51
Flower power 1099,PI040298AD5I211178,2018-10-09 21:10:00,-1.0,0.1,12.65,13.28
Flower power 1099,PI040298AD5I211178,2018-10-09 21:25:00,-1.0,0.1,13.16,13.4
Flower power 1099,PI040298AD5I211178,2018-10-09 21:40:00,-1.0,0.1,12.52,13.45
Flower power 1099,PI040298AD5I211178,2018-10-09 21:55:00,-1.0,0.1,12.91,13.01
Flower power 1099,PI040298AD5I211178,2018-10-09 22:10:00,-1.0,0.1,13.16,14.54
Flower power 1099,PI040298AD5I211178,2018-10-09 22:25:00,-1.0,0.1,12.78,14.76
Flower power 1099,PI040298AD5I211178,2018-10-09 22:40:00,-1.0,0.1,13.04,15.03
Flower power 1099,PI040298AD5I211178,2018-10-09 22:55:00,-1.0,0.1,13.16,16.03
Flower power 1099,PI040298AD5I211178,2018-10-09 23:10:00,-1.0,0.1,12.91,16.5
Flower power 1099,PI040298AD5I211178,2018-10-09 23:25:00,-1.0,0.1,12.65,16.03
Flower power 1099,PI040298AD5I211178,2018-10-09 23:40:00,-1.0,0.1,12.91,15.61
Flower power 1099,PI040298AD5I211178,2018-10-09 23:55:00,-1.0,0.1,13.04,15.77
Flower power 1099,PI040298AD5I211178,2018-10-10 00:10:00,-1.0,0.1,13.04,14.38
Flower power 1099,PI040298AD5I211178,2018-10-10 00:25:00,-1.0,0.1,12.78,15.82
Flower power 1099,PI040298AD5I211178,2018-10-10 00:40:00,-1.0,0.1,12.91,16.55
Flower power 1099,PI040298AD5I211178,2018-10-10 00:55:00,-1.0,0.1,12.4,16.97
Flower power 1099,PI040298AD5I211178,2018-10-10 01:10:00,-1.0,0.1,12.91,17.12
Flower power 1099,PI040298AD5I211178,2018-10-10 01:25:00,-1.0,0.1,12.78,16.91
Flower power 1099,PI040298AD5I211178,2018-10-10 01:40:00,-1.0,0.1,12.91,17.32
Flower power 1099,PI040298AD5I211178,2018-10-10 01:55:00,-1.0,0.1,12.91,17.43
Flower power 1099,PI040298AD5I211178,2018-10-10 02:10:00,-1.0,0.1,13.16,17.27
Flower power 1099,PI040298AD5I211178,2018-10-10 02:25:00,-1.0,0.1,12.65,17.78
Flower power 1099,PI040298AD5I211178,2018-10-10 02:40:00,-1.0,0.1,13.04,17.98
Flower power 1099,PI040298AD5I211178,2018-10-10 02:55:00,-1.0,0.1,12.78,18.03
Flower power 1099,PI040298AD5I211178,2018-10-10 03:10:00,-1.0,0.1,12.65,18.08
Flower power 1099,PI040298AD5I211178,2018-10-10 03:25:00,-1.0,0.1,12.91,18.13
Flower power 1099,PI040298AD5I211178,2018-10-10 03:40:00,-1.0,0.1,13.04,18.19
Flower power 1099,PI040298AD5I211178,2018-10-10 03:55:00,-1.0,0.1,13.04,18.24
Flower power 1099,PI040298AD5I211178,2018-10-10 04:10:00,-1.0,0.1,12.78,18.44
Flower power 1099,PI040298AD5I211178,2018-10-10 04:25:00,-1.0,0.1,12.91,18.39
Flower power 1099,PI040298AD5I211178,2018-10-10 04:40:00,-1.0,0.1,12.91,18.59
Flower power 1099,PI040298AD5I211178,2018-10-10 04:55:00,-1.0,0.1,12.91,18.64
Flower power 1099,PI040298AD5I211178,2018-10-10 05:10:00,-1.0,0.1,13.16,18.69
Flower power 1099,PI040298AD5I211178,2018-10-10 05:25:00,-1.0,0.1,12.91,18.69
Flower power 1099,PI040298AD5I211178,2018-10-10 05:40:00,-1.0,0.1,13.16,18.49
Flower power 1099,PI040298AD5I211178,2018-10-10 05:55:00,-1.0,0.1,12.91,17.83
Flower power 1099,PI040298AD5I211178,2018-10-10 06:10:00,-1.0,0.1,12.78,17.32
Flower power 1099,PI040298AD5I211178,2018-10-10 06:25:00,-1.0,0.1,13.04,17.98
Flower power 1099,PI040298AD5I211178,2018-10-10 06:40:00,-1.0,0.49,12.65,18.44
Flower power 1099,PI040298AD5I211178,2018-10-10 06:55:00,-1.0,1.58,12.78,18.69
Flower power 1099,PI040298AD5I211178,2018-10-10 07:10:00,-1.0,4.1,12.91,18.88
Flower power 1099,PI040298AD5I211178,2018-10-10 07:25:00,-1.0,7.47,13.04,18.93
Flower power 1099,PI040298AD5I211178,2018-10-10 07:40:00,-1.0,8.93,12.65,21.07
Flower power 1099,PI040298AD5I211178,2018-10-10 07:55:00,-1.0,9.16,13.16,21.88
Flower power 1099,PI040298AD5I211178,2018-10-10 08:10:00,-1.0,13.57,12.91,22.86
Flower power 1099,PI040298AD5I211178,2018-10-10 08:25:00,-1.0,15.13,12.91,24.61
Flower power 1099,PI040298AD5I211178,2018-10-10 08:40:00,-1.0,19.66,12.91,25.29
Flower power 1099,PI040298AD5I211178,2018-10-10 08:55:00,-1.0,22.91,12.91,26.55
Flower power 1099,PI040298AD5I211178,2018-10-10 09:10:00,-1.0,17.45,13.16,25.97
Flower power 1099,PI040298AD5I211178,2018-10-10 09:25:00,-1.0,32.53,12.91,28.11
Flower power 1099,PI040298AD5I211178,2018-10-10 09:40:00,-1.0,35.55,12.91,29.35
Flower power 1099,PI040298AD5I211178,2018-10-10 09:55:00,-1.0,42.47,13.04,30.5
Flower power 1099,PI040298AD5I211178,2018-10-10 10:10:00,-1.0,47.9,13.16,33.07
Flower power 1099,PI040298AD5I211178,2018-10-10 10:25:00,-1.0,54.56,13.16,33.33
Flower power 1099,PI040298AD5I211178,2018-10-10 10:40:00,-1.0,53.14,12.78,33.83
Flower power 1099,PI040298AD5I211178,2018-10-10 10:55:00,-1.0,51.27,13.16,34.1
Flower power 1099,PI040298AD5I211178,2018-10-10 11:10:00,-1.0,64.88,13.04,37.47
Flower power 1099,PI040298AD5I211178,2018-10-10 11:25:00,-1.0,69.68,13.16,39.17
Flower power 1099,PI040298AD5I211178,2018-10-10 11:40:00,-1.0,69.68,12.91,36.82
Flower power 1099,PI040298AD5I211178,2018-10-10 11:55:00,-1.0,71.6,13.16,37.89
Flower power 1099,PI040298AD5I211178,2018-10-10 12:10:00,-1.0,61.78,12.78,36.23
Flower power 1099,PI040298AD5I211178,2018-10-10 12:25:00,-1.0,116.91,12.78,46.3
Flower power 1099,PI040298AD5I211178,2018-10-10 12:40:00,-1.0,86.41,13.16,39.75
Flower power 1099,PI040298AD5I211178,2018-10-10 12:55:00,-1.0,139.72,12.91,45.87
Flower power 1099,PI040298AD5I211178,2018-10-10 13:10:00,-1.0,73.11,12.91,43.44
Flower power 1099,PI040298AD5I211178,2018-10-10 13:25:00,-1.0,143.43,13.04,46.09
Flower power 1099,PI040298AD5I211178,2018-10-10 13:40:00,-1.0,50.26,13.16,37.52
Flower power 1099,PI040298AD5I211178,2018-10-10 13:55:00,-1.0,51.79,13.16,36.96
Flower power 1099,PI040298AD5I211178,2018-10-10 14:10:00,-1.0,39.01,13.04,33.65
Flower power 1099,PI040298AD5I211178,2018-10-10 14:25:00,-1.0,43.2,13.04,33.29
Flower power 1099,PI040298AD5I211178,2018-10-10 14:40:00,-1.0,36.73,13.04,32.58
Flower power 1099,PI040298AD5I211178,2018-10-10 14:55:00,-1.0,37.0,13.04,33.11
Flower power 1099,PI040298AD5I211178,2018-10-10 15:10:00,-1.0,29.88,13.04,31.29
Flower power 1099,PI040298AD5I211178,2018-10-10 15:25:00,-1.0,22.13,13.04,30.45
Flower power 1099,PI040298AD5I211178,2018-10-10 15:40:00,-1.0,15.62,13.42,27.93
Flower power 1099,PI040298AD5I211178,2018-10-10 15:55:00,-1.0,15.01,12.91,27.4
Flower power 1099,PI040298AD5I211178,2018-10-10 16:10:00,-1.0,10.45,13.42,26.28
Flower power 1099,PI040298AD5I211178,2018-10-10 16:25:00,-1.0,10.12,13.04,26.19
Flower power 1099,PI040298AD5I211178,2018-10-10 16:40:00,-1.0,8.5,12.91,26.06
Flower power 1099,PI040298AD5I211178,2018-10-10 16:55:00,-1.0,7.7,12.91,25.07
Flower power 1099,PI040298AD5I211178,2018-10-10 17:10:00,-1.0,5.43,13.16,24.7
Flower power 1099,PI040298AD5I211178,2018-10-10 17:25:00,-1.0,2.17,13.16,23.97
Flower power 1099,PI040298AD5I211178,2018-10-10 17:40:00,-1.0,1.4,12.91,23.6
Flower power 1099,PI040298AD5I211178,2018-10-10 17:55:00,-1.0,0.4,12.91,23.24
Flower power 1099,PI040298AD5I211178,2018-10-10 18:10:00,-1.0,0.1,13.04,22.86
Flower power 1099,PI040298AD5I211178,2018-10-10 18:25:00,-1.0,0.1,13.29,22.07
Flower power 1099,PI040298AD5I211178,2018-10-10 18:40:00,-1.0,0.1,13.16,20.88
Flower power 1099,PI040298AD5I211178,2018-10-10 18:55:00,-1.0,0.1,12.91,20.59
Flower power 1099,PI040298AD5I211178,2018-10-10 19:10:00,-1.0,0.1,13.29,20.4
Flower power 1099,PI040298AD5I211178,2018-10-10 19:25:00,-1.0,0.1,12.91,20.3
Flower power 1099,PI040298AD5I211178,2018-10-10 19:40:00,-1.0,0.1,13.16,20.4
Flower power 1099,PI040298AD5I211178,2018-10-10 19:55:00,-1.0,0.1,13.16,20.4
Flower power 1099,PI040298AD5I211178,2018-10-10 20:10:00,-1.0,0.1,12.91,20.26
Flower power 1099,PI040298AD5I211178,2018-10-10 20:25:00,-1.0,0.1,13.29,19.62
Flower power 1099,PI040298AD5I211178,2018-10-10 20:40:00,-1.0,0.1,13.16,19.96
Flower power 1099,PI040298AD5I211178,2018-10-10 20:55:00,-1.0,0.1,13.04,19.72
Flower power 1099,PI040298AD5I211178,2018-10-10 21:10:00,-1.0,0.1,12.91,19.48
Flower power 1099,PI040298AD5I211178,2018-10-10 21:25:00,-1.0,0.1,13.29,17.58
Flower power 1099,PI040298AD5I211178,2018-10-10 21:40:00,-1.0,0.1,13.16,18.03
Flower power 1099,PI040298AD5I211178,2018-10-10 21:55:00,-1.0,0.1,12.91,19.38
Flower power 1099,PI040298AD5I211178,2018-10-10 22:10:00,-1.0,0.1,12.78,19.87
Flower power 1099,PI040298AD5I211178,2018-10-10 22:25:00,-1.0,0.1,13.04,20.11
Flower power 1099,PI040298AD5I211178,2018-10-10 22:40:00,-1.0,0.1,12.65,20.21
Flower power 1099,PI040298AD5I211178,2018-10-10 22:55:00,-1.0,0.1,12.78,20.35
Flower power 1099,PI040298AD5I211178,2018-10-10 23:10:00,-1.0,0.1,13.29,20.35
Flower power 1099,PI040298AD5I211178,2018-10-10 23:25:00,-1.0,0.1,12.91,20.5
Flower power 1099,PI040298AD5I211178,2018-10-10 23:40:00,-1.0,0.1,13.04,20.69
Flower power 1099,PI040298AD5I211178,2018-10-10 23:55:00,-1.0,0.1,13.16,20.59
Flower power 1099,PI040298AD5I211178,2018-10-11 00:10:00,-1.0,0.1,13.04,20.26
Flower power 1099,PI040298AD5I211178,2018-10-11 00:25:00,-1.0,0.1,13.04,20.11
Flower power 1099,PI040298AD5I211178,2018-10-11 00:40:00,-1.0,0.1,13.04,20.06
Flower power 1099,PI040298AD5I211178,2018-10-11 00:55:00,-1.0,0.1,12.91,20.16
Flower power 1099,PI040298AD5I211178,2018-10-11 01:10:00,-1.0,0.1,12.91,20.11
Flower power 1099,PI040298AD5I211178,2018-10-11 01:25:00,-1.0,0.1,13.16,20.01
Flower power 1099,PI040298AD5I211178,2018-10-11 01:40:00,-1.0,0.1,13.16,19.96
Flower power 1099,PI040298AD5I211178,2018-10-11 01:55:00,-1.0,0.1,12.65,19.72
Flower power 1099,PI040298AD5I211178,2018-10-11 02:10:00,-1.0,0.1,13.16,19.08
Flower power 1099,PI040298AD5I211178,2018-10-11 02:25:00,-1.0,0.1,12.91,19.33
Flower power 1099,PI040298AD5I211178,2018-10-11 02:40:00,-1.0,0.1,12.78,18.93
Flower power 1099,PI040298AD5I211178,2018-10-11 02:55:00,-1.0,0.1,12.78,19.28
Flower power 1099,PI040298AD5I211178,2018-10-11 03:10:00,-1.0,0.1,13.29,19.03
Flower power 1099,PI040298AD5I211178,2018-10-11 03:25:00,-1.0,0.1,13.04,19.38
Flower power 1099,PI040298AD5I211178,2018-10-11 03:40:00,-1.0,0.1,13.04,19.53
Flower power 1099,PI040298AD5I211178,2018-10-11 03:55:00,-1.0,0.1,13.04,19.72
Flower power 1099,PI040298AD5I211178,2018-10-11 04:10:00,-1.0,0.1,13.04,19.43
Flower power 1099,PI040298AD5I211178,2018-10-11 04:25:00,-1.0,0.1,13.16,17.83
Flower power 1099,PI040298AD5I211178,2018-10-11 04:40:00,-1.0,0.1,13.04,17.12
Flower power 1099,PI040298AD5I211178,2018-10-11 04:55:00,-1.0,0.1,12.78,16.81
Flower power 1099,PI040298AD5I211178,2018-10-11 05:10:00,-1.0,0.1,13.04,16.34
Flower power 1099,PI040298AD5I211178,2018-10-11 05:25:00,-1.0,0.1,13.04,16.14
Flower power 1099,PI040298AD5I211178,2018-10-11 05:40:00,-1.0,0.1,13.16,15.93
Flower power 1099,PI040298AD5I211178,2018-10-11 05:55:00,-1.0,0.1,13.16,15.35
Flower power 1099,PI040298AD5I211178,2018-10-11 06:10:00,-1.0,0.1,12.52,15.29
Flower power 1099,PI040298AD5I211178,2018-10-11 06:25:00,-1.0,0.1,12.78,15.08
Flower power 1099,PI040298AD5I211178,2018-10-11 06:40:00,-1.0,0.45,12.65,15.08
Flower power 1099,PI040298AD5I211178,2018-10-11 06:55:00,-1.0,1.43,13.04,15.93
Flower power 1099,PI040298AD5I211178,2018-10-11 07:10:00,-1.0,2.83,12.78,17.88
Flower power 1099,PI040298AD5I211178,2018-10-11 07:25:00,-1.0,3.29,12.65,17.43
Flower power 1099,PI040298AD5I211178,2018-10-11 07:40:00,-1.0,5.86,12.78,17.78
Flower power 1099,PI040298AD5I211178,2018-10-11 07:55:00,-1.0,8.69,12.78,20.74
Flower power 1099,PI040298AD5I211178,2018-10-11 08:10:00,-1.0,3.57,13.16,21.36
Flower power 1099,PI040298AD5I211178,2018-10-11 08:25:00,-1.0,7.64,13.04,22.54
Flower power 1099,PI040298AD5I211178,2018-10-11 08:40:00,-1.0,6.22,13.04,23.7
Flower power 1099,PI040298AD5I211178,2018-10-11 08:55:00,-1.0,14.68,13.04,22.26
Flower power 1099,PI040298AD5I211178,2018-10-11 09:10:00,-1.0,6.05,13.04,22.72
Flower power 1099,PI040298AD5I211178,2018-10-11 09:25:00,-1.0,26.94,12.78,23.56
Flower power 1099,PI040298AD5I211178,2018-10-11 09:40:00,-1.0,31.8,13.04,25.25
Flower power 1099,PI040298AD5I211178,2018-10-11 09:55:00,-1.0,28.5,12.78,27.31
Flower power 1099,PI040298AD5I211178,2018-10-11 10:10:00,-1.0,26.65,13.04,27.58
Flower power 1099,PI040298AD5I211178,2018-10-11 10:25:00,-1.0,29.35,13.04,27.31
Flower power 1099,PI040298AD5I211178,2018-10-11 10:40:00,-1.0,22.8,13.16,26.46
Flower power 1099,PI040298AD5I211178,2018-10-11 10:55:00,-1.0,35.3,12.78,28.46
Flower power 1099,PI040298AD5I211178,2018-10-11 11:10:00,-1.0,51.79,13.04,29.48
Flower power 1099,PI040298AD5I211178,2018-10-11 11:25:00,-1.0,44.33,12.91,30.85
Flower power 1099,PI040298AD5I211178,2018-10-11 11:40:00,-1.0,30.44,13.04,27.8
Flower power 1099,PI040298AD5I211178,2018-10-11 11:55:00,-1.0,43.2,13.29,32.0
Flower power 1099,PI040298AD5I211178,2018-10-11 12:10:00,-1.0,51.79,13.16,34.1
Flower power 1099,PI040298AD5I211178,2018-10-11 12:25:00,-1.0,80.44,13.04,37.24
Flower power 1099,PI040298AD5I211178,2018-10-11 12:40:00,-1.0,79.83,13.04,38.46
Flower power 1099,PI040298AD5I211178,2018-10-11 12:55:00,-1.0,60.68,13.42,37.19
Flower power 1099,PI040298AD5I211178,2018-10-11 13:10:00,-1.0,67.42,13.04,35.86
Flower power 1099,PI040298AD5I211178,2018-10-11 13:25:00,-1.0,78.63,13.04,37.57
Flower power 1099,PI040298AD5I211178,2018-10-11 13:40:00,-1.0,66.98,13.29,36.18
Flower power 1099,PI040298AD5I211178,2018-10-11 13:55:00,-1.0,62.53,13.16,37.75
Flower power 1099,PI040298AD5I211178,2018-10-11 14:10:00,-1.0,54.27,13.42,36.32
Flower power 1099,PI040298AD5I211178,2018-10-11 14:25:00,-1.0,48.35,13.04,34.82
Flower power 1099,PI040298AD5I211178,2018-10-11 14:40:00,-1.0,49.05,13.29,34.91
Flower power 1099,PI040298AD5I211178,2018-10-11 14:55:00,-1.0,46.15,13.04,33.87
Flower power 1099,PI040298AD5I211178,2018-10-11 15:10:00,-1.0,37.27,13.04,33.47
Flower power 1099,PI040298AD5I211178,2018-10-11 15:25:00,-1.0,42.83,13.16,33.02
Flower power 1099,PI040298AD5I211178,2018-10-11 15:40:00,-1.0,24.96,13.29,30.54
Flower power 1099,PI040298AD5I211178,2018-10-11 15:55:00,-1.0,20.62,13.42,30.06
Flower power 1099,PI040298AD5I211178,2018-10-11 16:10:00,-1.0,19.94,13.04,29.35
Flower power 1099,PI040298AD5I211178,2018-10-11 16:25:00,-1.0,14.73,13.04,28.11
Flower power 1099,PI040298AD5I211178,2018-10-11 16:40:00,-1.0,16.51,13.55,28.24
Flower power 1099,PI040298AD5I211178,2018-10-11 16:55:00,-1.0,14.13,13.42,28.11
Flower power 1099,PI040298AD5I211178,2018-10-11 17:10:00,-1.0,7.93,13.29,26.46
Flower power 1099,PI040298AD5I211178,2018-10-11 17:25:00,-1.0,4.05,13.29,24.89
Flower power 1099,PI040298AD5I211178,2018-10-11 17:40:00,-1.0,1.87,13.04,24.2
Flower power 1099,PI040298AD5I211178,2018-10-11 17:55:00,-1.0,0.72,13.04,23.65
Flower power 1099,PI040298AD5I211178,2018-10-11 18:10:00,-1.0,0.12,13.42,22.91
Flower power 1099,PI040298AD5I211178,2018-10-11 18:25:00,-1.0,0.1,13.42,22.72
Flower power 1099,PI040298AD5I211178,2018-10-11 18:40:00,-1.0,0.1,13.16,22.44
Flower power 1099,PI040298AD5I211178,2018-10-11 18:55:00,-1.0,0.1,13.29,22.26
Flower power 1099,PI040298AD5I211178,2018-10-11 19:10:00,-1.0,0.1,12.91,21.64
Flower power 1099,PI040298AD5I211178,2018-10-11 19:25:00,-1.0,0.1,12.91,21.93
Flower power 1099,PI040298AD5I211178,2018-10-11 19:40:00,-1.0,0.1,13.42,21.55
Flower power 1099,PI040298AD5I211178,2018-10-11 19:55:00,-1.0,0.1,13.42,20.45
Flower power 1099,PI040298AD5I211178,2018-10-11 20:10:00,-1.0,0.1,13.29,20.55
Flower power 1099,PI040298AD5I211178,2018-10-11 20:25:00,-1.0,0.1,13.29,21.03
Flower power 1099,PI040298AD5I211178,2018-10-11 20:40:00,-1.0,0.1,13.42,20.64
Flower power 1099,PI040298AD5I211178,2018-10-11 20:55:00,-1.0,0.1,12.91,19.72
Flower power 1099,PI040298AD5I211178,2018-10-11 21:10:00,-1.0,0.1,13.29,20.74
Flower power 1099,PI040298AD5I211178,2018-10-11 21:25:00,-1.0,0.1,13.04,20.55
Flower power 1099,PI040298AD5I211178,2018-10-11 21:40:00,-1.0,0.1,13.16,20.74
Flower power 1099,PI040298AD5I211178,2018-10-11 21:55:00,-1.0,0.1,12.91,20.93
Flower power 1099,PI040298AD5I211178,2018-10-11 22:10:00,-1.0,0.1,13.29,20.93
Flower power 1099,PI040298AD5I211178,2018-10-11 22:25:00,-1.0,0.1,13.16,20.79
Flower power 1099,PI040298AD5I211178,2018-10-11 22:40:00,-1.0,0.1,13.16,19.13
Flower power 1099,PI040298AD5I211178,2018-10-11 22:55:00,-1.0,0.1,13.04,18.34
Flower power 1099,PI040298AD5I211178,2018-10-11 23:10:00,-1.0,0.1,13.16,19.57
Flower power 1099,PI040298AD5I211178,2018-10-11 23:25:00,-1.0,0.1,12.78,18.54
Flower power 1099,PI040298AD5I211178,2018-10-11 23:40:00,-1.0,0.1,13.04,17.63
Flower power 1099,PI040298AD5I211178,2018-10-11 23:55:00,-1.0,0.1,12.78,16.76
Flower power 1099,PI040298AD5I211178,2018-10-12 00:10:00,-1.0,0.1,13.16,16.66
Flower power 1099,PI040298AD5I211178,2018-10-12 00:25:00,-1.0,0.1,13.29,16.5
Flower power 1099,PI040298AD5I211178,2018-10-12 00:40:00,-1.0,0.1,13.04,16.81
Flower power 1099,PI040298AD5I211178,2018-10-12 00:55:00,-1.0,0.1,12.78,17.48
Flower power 1099,PI040298AD5I211178,2018-10-12 01:10:00,-1.0,0.1,13.04,17.17
Flower power 1099,PI040298AD5I211178,2018-10-12 01:25:00,-1.0,0.1,13.04,16.03
Flower power 1099,PI040298AD5I211178,2018-10-12 01:40:00,-1.0,0.1,12.78,15.35
Flower power 1099,PI040298AD5I211178,2018-10-12 01:55:00,-1.0,0.1,12.91,15.72
Flower power 1099,PI040298AD5I211178,2018-10-12 02:10:00,-1.0,0.1,13.16,15.72
Flower power 1099,PI040298AD5I211178,2018-10-12 02:25:00,-1.0,0.1,12.78,15.13
Flower power 1099,PI040298AD5I211178,2018-10-12 02:40:00,-1.0,0.1,13.04,14.54
Flower power 1099,PI040298AD5I211178,2018-10-12 02:55:00,-1.0,0.1,12.91,14.16
Flower power 1099,PI040298AD5I211178,2018-10-12 03:10:00,-1.0,0.1,13.04,14.33
Flower power 1099,PI040298AD5I211178,2018-10-12 03:25:00,-1.0,0.1,12.91,15.03
Flower power 1099,PI040298AD5I211178,2018-10-12 03:40:00,-1.0,0.1,12.91,15.29
Flower power 1099,PI040298AD5I211178,2018-10-12 03:55:00,-1.0,0.1,13.04,15.82
Flower power 1099,PI040298AD5I211178,2018-10-12 04:10:00,-1.0,0.1,13.16,14.81
Flower power 1099,PI040298AD5I211178,2018-10-12 04:25:00,-1.0,0.1,13.04,14.27
Flower power 1099,PI040298AD5I211178,2018-10-12 04:40:00,-1.0,0.1,13.04,13.95
Flower power 1099,PI040298AD5I211178,2018-10-12 04:55:00,-1.0,0.1,13.04,14.0
Flower power 1099,PI040298AD5I211178,2018-10-12 05:10:00,-1.0,0.1,13.04,13.89
Flower power 1099,PI040298AD5I211178,2018-10-12 05:25:00,-1.0,0.1,12.91,13.95
Flower power 1099,PI040298AD5I211178,2018-10-12 05:40:00,-1.0,0.1,13.04,13.67
Flower power 1099,PI040298AD5I211178,2018-10-12 05:55:00,-1.0,0.1,13.04,13.45
Flower power 1099,PI040298AD5I211178,2018-10-12 06:10:00,-1.0,0.1,12.91,13.17
Flower power 1099,PI040298AD5I211178,2018-10-12 06:25:00,-1.0,0.1,12.91,13.12
Flower power 1099,PI040298AD5I211178,2018-10-12 06:40:00,-1.0,0.55,12.65,13.62
Flower power 1099,PI040298AD5I211178,2018-10-12 06:55:00,-1.0,2.5,13.04,13.56
Flower power 1099,PI040298AD5I211178,2018-10-12 07:10:00,-1.0,4.54,13.04,14.65
Flower power 1099,PI040298AD5I211178,2018-10-12 07:25:00,-1.0,5.6,12.91,15.5
Flower power 1099,PI040298AD5I211178,2018-10-12 07:40:00,-1.0,7.14,13.16,16.4
Flower power 1099,PI040298AD5I211178,2018-10-12 07:55:00,-1.0,9.03,13.04,17.43
Flower power 1099,PI040298AD5I211178,2018-10-12 08:10:00,-1.0,10.5,12.91,18.74
Flower power 1099,PI040298AD5I211178,2018-10-12 08:25:00,-1.0,12.81,13.16,19.96
Flower power 1099,PI040298AD5I211178,2018-10-12 08:40:00,-1.0,16.54,13.04,21.36
Flower power 1099,PI040298AD5I211178,2018-10-12 08:55:00,-1.0,18.85,12.65,22.72
Flower power 1099,PI040298AD5I211178,2018-10-12 09:10:00,-1.0,68.76,13.04,27.76
Flower power 1099,PI040298AD5I211178,2018-10-12 09:25:00,-1.0,60.68,12.65,30.5
Flower power 1099,PI040298AD5I211178,2018-10-12 09:40:00,-1.0,59.29,13.16,32.27
Flower power 1099,PI040298AD5I211178,2018-10-12 09:55:00,-1.0,35.18,12.91,31.2
Flower power 1099,PI040298AD5I211178,2018-10-12 10:10:00,-1.0,30.44,13.16,30.1
Flower power 1099,PI040298AD5I211178,2018-10-12 10:25:00,-1.0,94.97,13.16,36.23
Flower power 1099,PI040298AD5I211178,2018-10-12 10:40:00,-1.0,108.59,13.04,39.65
Flower power 1099,PI040298AD5I211178,2018-10-12 10:55:00,-1.0,114.41,13.16,41.21
Flower power 1099,PI040298AD5I211178,2018-10-12 11:10:00,-1.0,120.88,12.91,42.21
Flower power 1099,PI040298AD5I211178,2018-10-12 11:25:00,-1.0,116.91,12.78,44.06
Flower power 1099,PI040298AD5I211178,2018-10-12 11:40:00,-1.0,126.58,13.16,45.76
Flower power 1099,PI040298AD5I211178,2018-10-12 11:55:00,-1.0,126.58,13.04,46.3
Flower power 1099,PI040298AD5I211178,2018-10-12 12:10:00,-1.0,125.11,13.29,45.6
Flower power 1099,PI040298AD5I211178,2018-10-12 12:25:00,-1.0,99.44,12.91,42.47
Flower power 1099,PI040298AD5I211178,2018-10-12 12:40:00,-1.0,112.01,13.29,44.37
Flower power 1099,PI040298AD5I211178,2018-10-12 12:55:00,-1.0,62.91,13.29,42.21
Flower power 1099,PI040298AD5I211178,2018-10-12 13:10:00,-1.0,64.88,12.91,37.33
Flower power 1099,PI040298AD5I211178,2018-10-12 13:25:00,-1.0,106.41,13.29,39.17
Flower power 1099,PI040298AD5I211178,2018-10-12 13:40:00,-1.0,94.13,13.04,40.92
Flower power 1099,PI040298AD5I211178,2018-10-12 13:55:00,-1.0,36.06,13.29,36.64
Flower power 1099,PI040298AD5I211178,2018-10-12 14:10:00,-1.0,37.69,13.42,36.92
Flower power 1099,PI040298AD5I211178,2018-10-12 14:25:00,-1.0,59.98,13.04,37.43
Flower power 1099,PI040298AD5I211178,2018-10-12 14:40:00,-1.0,68.31,13.29,39.32
Flower power 1099,PI040298AD5I211178,2018-10-12 14:55:00,-1.0,43.95,13.29,34.45
Flower power 1099,PI040298AD5I211178,2018-10-12 15:10:00,-1.0,24.89,13.29,35.31
Flower power 1099,PI040298AD5I211178,2018-10-12 15:25:00,-1.0,32.75,13.29,34.73
Flower power 1099,PI040298AD5I211178,2018-10-12 15:40:00,-1.0,56.05,13.29,35.63
Flower power 1099,PI040298AD5I211178,2018-10-12 15:55:00,-1.0,25.61,13.55,33.56
Flower power 1099,PI040298AD5I211178,2018-10-12 16:10:00,-1.0,32.75,13.42,31.07
Flower power 1099,PI040298AD5I211178,2018-10-12 16:25:00,-1.0,17.51,13.29,30.23
Flower power 1099,PI040298AD5I211178,2018-10-12 16:40:00,-1.0,15.75,13.04,27.44
Flower power 1099,PI040298AD5I211178,2018-10-12 16:55:00,-1.0,15.1,12.91,27.58
Flower power 1099,PI040298AD5I211178,2018-10-12 17:10:00,-1.0,9.72,13.42,25.74
Flower power 1099,PI040298AD5I211178,2018-10-12 17:25:00,-1.0,5.97,12.91,24.02
Flower power 1099,PI040298AD5I211178,2018-10-12 17:40:00,-1.0,2.93,13.55,22.49
Flower power 1099,PI040298AD5I211178,2018-10-12 17:55:00,-1.0,0.96,12.91,20.98
Flower power 1099,PI040298AD5I211178,2018-10-12 18:10:00,-1.0,0.18,13.04,19.87
Flower power 1099,PI040298AD5I211178,2018-10-12 18:25:00,-1.0,0.1,13.42,18.74
Flower power 1099,PI040298AD5I211178,2018-10-12 18:40:00,-1.0,0.1,13.16,17.98
Flower power 1099,PI040298AD5I211178,2018-10-12 18:55:00,-1.0,0.1,12.78,17.63
Flower power 1099,PI040298AD5I211178,2018-10-12 19:10:00,-1.0,0.1,13.04,17.27
Flower power 1099,PI040298AD5I211178,2018-10-12 19:25:00,-1.0,0.1,13.29,16.97
Flower power 1099,PI040298AD5I211178,2018-10-12 19:40:00,-1.0,0.1,12.78,16.91
Flower power 1099,PI040298AD5I211178,2018-10-12 19:55:00,-1.0,0.1,13.42,16.81
Flower power 1099,PI040298AD5I211178,2018-10-12 20:10:00,-1.0,0.1,13.29,16.6
Flower power 1099,PI040298AD5I211178,2018-10-12 20:25:00,-1.0,0.1,12.91,16.76
Flower power 1099,PI040298AD5I211178,2018-10-12 20:40:00,-1.0,0.1,13.16,16.55
Flower power 1099,PI040298AD5I211178,2018-10-12 20:55:00,-1.0,0.1,13.16,16.29
Flower power 1099,PI040298AD5I211178,2018-10-12 21:10:00,-1.0,0.1,13.16,16.19
Flower power 1099,PI040298AD5I211178,2018-10-12 21:25:00,-1.0,0.1,13.29,15.82
Flower power 1099,PI040298AD5I211178,2018-10-12 21:40:00,-1.0,0.1,13.29,15.66
Flower power 1099,PI040298AD5I211178,2018-10-12 21:55:00,-1.0,0.1,13.42,15.56
Flower power 1099,PI040298AD5I211178,2018-10-12 22:10:00,-1.0,0.1,12.91,15.45
Flower power 1099,PI040298AD5I211178,2018-10-12 22:25:00,-1.0,0.1,12.78,15.45
Flower power 1099,PI040298AD5I211178,2018-10-12 22:40:00,-1.0,0.1,13.16,15.24
Flower power 1099,PI040298AD5I211178,2018-10-12 22:55:00,-1.0,0.1,13.04,15.08
Flower power 1099,PI040298AD5I211178,2018-10-12 23:10:00,-1.0,0.1,12.78,15.19
Flower power 1099,PI040298AD5I211178,2018-10-12 23:25:00,-1.0,0.1,12.78,14.76
Flower power 1099,PI040298AD5I211178,2018-10-12 23:40:00,-1.0,0.1,12.91,14.81
Flower power 1099,PI040298AD5I211178,2018-10-12 23:55:00,-1.0,0.1,13.04,14.97
Flower power 1099,PI040298AD5I211178,2018-10-13 00:10:00,-1.0,0.1,12.91,14.76
Flower power 1099,PI040298AD5I211178,2018-10-13 00:25:00,-1.0,0.1,13.29,14.43
Flower power 1099,PI040298AD5I211178,2018-10-13 00:40:00,-1.0,0.1,13.04,14.54
Flower power 1099,PI040298AD5I211178,2018-10-13 00:55:00,-1.0,0.1,12.65,14.6
Flower power 1099,PI040298AD5I211178,2018-10-13 01:10:00,-1.0,0.1,13.04,14.6
Flower power 1099,PI040298AD5I211178,2018-10-13 01:25:00,-1.0,0.1,13.04,13.95
Flower power 1099,PI040298AD5I211178,2018-10-13 01:40:00,-1.0,0.1,13.16,13.84
Flower power 1099,PI040298AD5I211178,2018-10-13 01:55:00,-1.0,0.1,13.04,13.89
Flower power 1099,PI040298AD5I211178,2018-10-13 02:10:00,-1.0,0.1,12.91,13.62
Flower power 1099,PI040298AD5I211178,2018-10-13 02:25:00,-1.0,0.1,13.04,13.73
Flower power 1099,PI040298AD5I211178,2018-10-13 02:40:00,-1.0,0.1,12.91,13.45
Flower power 1099,PI040298AD5I211178,2018-10-13 02:55:00,-1.0,0.1,13.16,13.51
Flower power 1099,PI040298AD5I211178,2018-10-13 03:10:00,-1.0,0.1,12.91,13.95
Flower power 1099,PI040298AD5I211178,2018-10-13 03:25:00,-1.0,0.1,13.16,13.28
Flower power 1099,PI040298AD5I211178,2018-10-13 03:40:00,-1.0,0.1,12.78,13.56
Flower power 1099,PI040298AD5I211178,2018-10-13 03:55:00,-1.0,0.1,13.16,13.78
Flower power 1099,PI040298AD5I211178,2018-10-13 04:10:00,-1.0,0.1,12.78,13.73
Flower power 1099,PI040298AD5I211178,2018-10-13 04:25:00,-1.0,0.1,12.91,13.62
Flower power 1099,PI040298AD5I211178,2018-10-13 04:40:00,-1.0,0.1,13.04,13.78
Flower power 1099,PI040298AD5I211178,2018-10-13 04:55:00,-1.0,0.1,13.16,14.05
Flower power 1099,PI040298AD5I211178,2018-10-13 05:10:00,-1.0,0.1,12.52,14.49
Flower power 1099,PI040298AD5I211178,2018-10-13 05:25:00,-1.0,0.1,13.04,14.43
Flower power 1099,PI040298AD5I211178,2018-10-13 05:40:00,-1.0,0.1,13.16,14.05
Flower power 1099,PI040298AD5I211178,2018-10-13 05:55:00,-1.0,0.1,13.04,14.43
Flower power 1099,PI040298AD5I211178,2018-10-13 06:10:00,-1.0,0.1,12.78,14.33
Flower power 1099,PI040298AD5I211178,2018-10-13 06:25:00,-1.0,0.1,13.04,13.89
Flower power 1099,PI040298AD5I211178,2018-10-13 06:40:00,-1.0,0.56,12.91,13.95
Flower power 1099,PI040298AD5I211178,2018-10-13 06:55:00,-1.0,2.03,13.04,14.38
Flower power 1099,PI040298AD5I211178,2018-10-13 07:10:00,-1.0,3.71,12.65,15.35
Flower power 1099,PI040298AD5I211178,2018-10-13 07:25:00,-1.0,5.92,13.16,16.14
Flower power 1099,PI040298AD5I211178,2018-10-13 07:40:00,-1.0,6.8,13.16,17.27
Flower power 1099,PI040298AD5I211178,2018-10-13 07:55:00,-1.0,7.76,13.16,18.54
Flower power 1099,PI040298AD5I211178,2018-10-13 08:10:00,-1.0,9.1,12.78,19.48
Flower power 1099,PI040298AD5I211178,2018-10-13 08:25:00,-1.0,22.91,13.16,23.37
Flower power 1099,PI040298AD5I211178,2018-10-13 08:40:00,-1.0,26.94,12.78,24.93
Flower power 1099,PI040298AD5I211178,2018-10-13 08:55:00,-1.0,30.82,12.78,26.37
Flower power 1099,PI040298AD5I211178,2018-10-13 09:10:00,-1.0,92.48,12.78,29.61
Flower power 1099,PI040298AD5I211178,2018-10-13 09:25:00,-1.0,38.27,13.04,31.07
Flower power 1099,PI040298AD5I211178,2018-10-13 09:40:00,-1.0,83.65,12.78,32.93
Flower power 1099,PI040298AD5I211178,2018-10-13 09:55:00,-1.0,29.98,12.65,31.87
Flower power 1099,PI040298AD5I211178,2018-10-13 10:10:00,-1.0,49.29,12.91,31.43
Flower power 1099,PI040298AD5I211178,2018-10-13 10:25:00,-1.0,72.1,12.91,35.86
Flower power 1099,PI040298AD5I211178,2018-10-13 10:40:00,-1.0,123.67,12.78,36.23
Flower power 1099,PI040298AD5I211178,2018-10-13 10:55:00,-1.0,43.2,12.91,35.09
Flower power 1099,PI040298AD5I211178,2018-10-13 11:10:00,-1.0,115.65,13.29,36.36
Flower power 1099,PI040298AD5I211178,2018-10-13 11:25:00,-1.0,116.91,12.91,37.52
Flower power 1099,PI040298AD5I211178,2018-10-13 11:40:00,-1.0,141.55,13.04,40.48
Flower power 1099,PI040298AD5I211178,2018-10-13 11:55:00,-1.0,58.95,13.29,42.31
Flower power 1099,PI040298AD5I211178,2018-10-13 12:10:00,-1.0,115.65,13.29,43.18
Flower power 1099,PI040298AD5I211178,2018-10-13 12:25:00,-1.0,60.33,13.29,36.18
Flower power 1099,PI040298AD5I211178,2018-10-13 12:40:00,-1.0,62.91,13.42,37.57
Flower power 1099,PI040298AD5I211178,2018-10-13 12:55:00,-1.0,92.48,12.91,37.29
Flower power 1099,PI040298AD5I211178,2018-10-13 13:10:00,-1.0,41.25,12.91,35.18
Flower power 1099,PI040298AD5I211178,2018-10-13 13:25:00,-1.0,68.31,13.04,32.71
Flower power 1099,PI040298AD5I211178,2018-10-13 13:40:00,-1.0,77.46,13.42,34.91
Flower power 1099,PI040298AD5I211178,2018-10-13 13:55:00,-1.0,44.73,13.42,33.29
Flower power 1099,PI040298AD5I211178,2018-10-13 14:10:00,-1.0,50.01,13.55,34.64
Flower power 1099,PI040298AD5I211178,2018-10-13 14:25:00,-1.0,66.55,13.29,32.89
Flower power 1099,PI040298AD5I211178,2018-10-13 14:40:00,-1.0,48.35,13.55,32.84
Flower power 1099,PI040298AD5I211178,2018-10-13 14:54:23,-1.0,24.22,13.55,33.6
Flower power 1099,PI040298AD5I211178,2018-10-13 15:09:23,-1.0,31.8,13.42,30.67
Flower power 1099,PI040298AD5I211178,2018-10-13 15:24:23,-1.0,61.41,13.29,34.41
Flower power 1099,PI040298AD5I211178,2018-10-13 15:39:23,-1.0,18.21,12.91,28.55
Flower power 1099,PI040298AD5I211178,2018-10-13 15:54:23,-1.0,22.03,13.55,30.32
Flower power 1099,PI040298AD5I211178,2018-10-13 16:09:23,-1.0,28.1,13.29,31.2
Flower power 1099,PI040298AD5I211178,2018-10-13 16:24:23,-1.0,10.56,13.29,27.44
Flower power 1099,PI040298AD5I211178,2018-10-13 16:39:23,-1.0,9.4,13.04,27.8
Flower power 1099,PI040298AD5I211178,2018-10-13 16:54:23,-1.0,5.49,13.16,25.43
Flower power 1099,PI040298AD5I211178,2018-10-13 17:09:23,-1.0,3.98,13.42,24.79
Flower power 1099,PI040298AD5I211178,2018-10-13 17:24:23,-1.0,6.09,13.55,25.25
Flower power 1099,PI040298AD5I211178,2018-10-13 17:39:23,-1.0,3.66,13.29,24.52
Flower power 1099,PI040298AD5I211178,2018-10-13 17:54:23,-1.0,0.93,13.29,23.28
Flower power 1099,PI040298AD5I211178,2018-10-13 18:09:23,-1.0,0.1,13.29,22.68
Flower power 1099,PI040298AD5I211178,2018-10-13 18:24:23,-1.0,0.1,13.04,22.82
Flower power 1099,PI040298AD5I211178,2018-10-13 18:39:23,-1.0,0.1,13.16,22.86
Flower power 1099,PI040298AD5I211178,2018-10-13 18:54:23,-1.0,0.1,13.29,22.77
Flower power 1099,PI040298AD5I211178,2018-10-13 19:09:23,-1.0,0.1,13.16,23.14
Flower power 1099,PI040298AD5I211178,2018-10-13 19:24:23,-1.0,0.1,13.04,23.65
Flower power 1099,PI040298AD5I211178,2018-10-13 19:39:23,-1.0,0.1,13.29,23.56
Flower power 1099,PI040298AD5I211178,2018-10-13 19:54:23,-1.0,0.1,13.55,23.42
Flower power 1099,PI040298AD5I211178,2018-10-13 20:09:23,-1.0,0.1,13.42,23.42
Flower power 1099,PI040298AD5I211178,2018-10-13 20:24:23,-1.0,0.1,12.91,23.6
Flower power 1099,PI040298AD5I211178,2018-10-13 20:39:23,-1.0,0.1,13.04,23.74
Flower power 1099,PI040298AD5I211178,2018-10-13 20:54:23,-1.0,0.1,13.29,23.05
Flower power 1099,PI040298AD5I211178,2018-10-13 21:09:23,-1.0,0.1,13.29,22.96
Flower power 1099,PI040298AD5I211178,2018-10-13 21:24:23,-1.0,0.1,13.29,23.19
Flower power 1099,PI040298AD5I211178,2018-10-13 21:39:23,-1.0,0.1,13.29,23.33
Flower power 1099,PI040298AD5I211178,2018-10-13 21:54:23,-1.0,0.1,13.29,23.51
Flower power 1099,PI040298AD5I211178,2018-10-13 22:09:23,-1.0,0.1,13.16,22.68
Flower power 1099,PI040298AD5I211178,2018-10-13 22:24:23,-1.0,0.1,13.16,20.74
Flower power 1099,PI040298AD5I211178,2018-10-13 22:39:23,-1.0,0.1,13.42,19.96
Flower power 1099,PI040298AD5I211178,2018-10-13 22:54:23,-1.0,0.1,14.06,19.28
Flower power 1099,PI040298AD5I211178,2018-10-13 23:09:23,-1.0,0.1,14.79,18.93
Flower power 1099,PI040298AD5I211178,2018-10-13 23:24:23,-1.0,0.1,15.07,18.54
Flower power 1099,PI040298AD5I211178,2018-10-13 23:39:23,-1.0,0.1,15.07,18.39
Flower power 1099,PI040298AD5I211178,2018-10-13 23:54:23,-1.0,0.1,15.7,17.93
Flower power 1099,PI040298AD5I211178,2018-10-14 00:09:23,-1.0,0.1,15.99,17.73
Flower power 1099,PI040298AD5I211178,2018-10-14 00:24:23,-1.0,0.1,16.01,17.73
Flower power 1099,PI040298AD5I211178,2018-10-14 00:39:23,-1.0,0.1,16.52,17.78
Flower power 1099,PI040298AD5I211178,2018-10-14 00:54:23,-1.0,0.1,16.52,17.68
Flower power 1099,PI040298AD5I211178,2018-10-14 01:09:23,-1.0,0.1,16.4,17.63
Flower power 1099,PI040298AD5I211178,2018-10-14 01:24:23,-1.0,0.1,16.9,17.53
Flower power 1099,PI040298AD5I211178,2018-10-14 01:39:23,-1.0,0.1,16.64,17.58
Flower power 1099,PI040298AD5I211178,2018-10-14 01:54:23,-1.0,0.1,16.89,17.22
Flower power 1099,PI040298AD5I211178,2018-10-14 02:09:23,-1.0,0.1,16.63,16.97
Flower power 1099,PI040298AD5I211178,2018-10-14 02:24:23,-1.0,0.1,16.76,16.5
Flower power 1099,PI040298AD5I211178,2018-10-14 02:39:23,-1.0,0.1,16.88,16.14
Flower power 1099,PI040298AD5I211178,2018-10-14 02:54:23,-1.0,0.1,16.37,15.5
Flower power 1099,PI040298AD5I211178,2018-10-14 03:09:23,-1.0,0.1,16.5,14.6
Flower power 1099,PI040298AD5I211178,2018-10-14 03:24:23,-1.0,0.1,16.37,14.76
Flower power 1099,PI040298AD5I211178,2018-10-14 03:39:23,-1.0,0.1,16.62,15.13
Flower power 1099,PI040298AD5I211178,2018-10-14 03:54:23,-1.0,0.1,16.36,14.81
Flower power 1099,PI040298AD5I211178,2018-10-14 04:09:23,-1.0,0.1,16.61,14.6
Flower power 1099,PI040298AD5I211178,2018-10-14 04:24:23,-1.0,0.1,16.74,14.87
Flower power 1099,PI040298AD5I211178,2018-10-14 04:39:23,-1.0,0.1,16.1,14.92
Flower power 1099,PI040298AD5I211178,2018-10-14 04:54:23,-1.0,0.1,16.48,14.7
Flower power 1099,PI040298AD5I211178,2018-10-14 05:09:23,-1.0,0.1,16.1,14.92
Flower power 1099,PI040298AD5I211178,2018-10-14 05:24:23,-1.0,0.1,16.1,15.29
Flower power 1099,PI040298AD5I211178,2018-10-14 05:39:23,-1.0,0.1,15.97,14.87
Flower power 1099,PI040298AD5I211178,2018-10-14 05:54:23,-1.0,0.1,16.22,14.27
Flower power 1099,PI040298AD5I211178,2018-10-14 06:09:23,-1.0,0.1,15.97,14.33
Flower power 1099,PI040298AD5I211178,2018-10-14 06:24:23,-1.0,0.1,16.09,14.43
Flower power 1099,PI040298AD5I211178,2018-10-14 06:39:23,-1.0,0.41,16.09,14.87
Flower power 1099,PI040298AD5I211178,2018-10-14 06:54:23,-1.0,1.52,15.83,13.95
Flower power 1099,PI040298AD5I211178,2018-10-14 07:09:23,-1.0,3.82,15.83,14.81
Flower power 1099,PI040298AD5I211178,2018-10-14 07:24:23,-1.0,5.07,16.09,15.98
Flower power 1099,PI040298AD5I211178,2018-10-14 07:39:23,-1.0,11.68,15.83,16.66
Flower power 1099,PI040298AD5I211178,2018-10-14 07:54:23,-1.0,14.82,16.09,18.13
Flower power 1099,PI040298AD5I211178,2018-10-14 08:09:23,-1.0,11.83,16.21,18.78
Flower power 1099,PI040298AD5I211178,2018-10-14 08:24:23,-1.0,19.78,15.7,19.67
Flower power 1099,PI040298AD5I211178,2018-10-14 08:39:23,-1.0,20.49,15.83,19.77
Flower power 1099,PI040298AD5I211178,2018-10-14 08:54:23,-1.0,28.84,15.7,20.35
Flower power 1099,PI040298AD5I211178,2018-10-14 09:09:23,-1.0,54.27,15.7,25.38
Flower power 1099,PI040298AD5I211178,2018-10-14 09:24:23,-1.0,52.87,16.08,24.84
Flower power 1099,PI040298AD5I211178,2018-10-14 09:39:23,-1.0,41.94,15.57,25.11
Flower power 1099,PI040298AD5I211178,2018-10-14 09:54:23,-1.0,61.78,15.82,26.01
Flower power 1099,PI040298AD5I211178,2018-10-14 10:09:23,-1.0,41.94,15.69,25.38
Flower power 1099,PI040298AD5I211178,2018-10-14 10:24:23,-1.0,95.83,16.07,27.84
Flower power 1099,PI040298AD5I211178,2018-10-14 10:39:23,-1.0,34.09,15.69,24.25
Flower power 1099,PI040298AD5I211178,2018-10-14 10:54:23,-1.0,27.86,15.69,24.57
Flower power 1099,PI040298AD5I211178,2018-10-14 11:09:23,-1.0,120.88,15.94,24.52
Flower power 1099,PI040298AD5I211178,2018-10-14 11:24:23,-1.0,137.93,15.56,34.23
Flower power 1099,PI040298AD5I211178,2018-10-14 11:39:23,-1.0,49.05,15.81,25.61
Flower power 1099,PI040298AD5I211178,2018-10-14 11:54:23,-1.0,47.01,15.94,22.49
Flower power 1099,PI040298AD5I211178,2018-10-14 12:09:23,-1.0,68.76,15.68,32.27
Flower power 1099,PI040298AD5I211178,2018-10-14 12:24:23,-1.0,113.2,15.56,28.42
Flower power 1099,PI040298AD5I211178,2018-10-14 12:39:23,-1.0,120.88,15.3,34.01
Flower power 1099,PI040298AD5I211178,2018-10-14 12:54:23,-1.0,70.15,15.68,28.6
Flower power 1099,PI040298AD5I211178,2018-10-14 13:09:23,-1.0,20.8,15.55,29.48
Flower power 1099,PI040298AD5I211178,2018-10-14 13:24:23,-1.0,112.01,15.68,31.6
Flower power 1099,PI040298AD5I211178,2018-10-14 13:39:23,-1.0,106.41,15.42,33.38
Flower power 1099,PI040298AD5I211178,2018-10-14 13:54:23,-1.0,98.51,15.42,32.09
Flower power 1099,PI040298AD5I211178,2018-10-14 14:09:23,-1.0,88.59,15.55,31.12
Flower power 1099,PI040298AD5I211178,2018-10-14 14:24:23,-1.0,74.69,15.42,30.19
Flower power 1099,PI040298AD5I211178,2018-10-14 14:39:23,-1.0,16.1,15.42,26.33
Flower power 1099,PI040298AD5I211178,2018-10-14 14:54:23,-1.0,11.27,15.8,25.7
Flower power 1099,PI040298AD5I211178,2018-10-14 15:09:23,-1.0,32.11,15.67,29.48
Flower power 1099,PI040298AD5I211178,2018-10-14 15:24:23,-1.0,43.95,15.29,28.15
Flower power 1099,PI040298AD5I211178,2018-10-14 15:39:23,-1.0,24.83,15.54,27.44
Flower power 1099,PI040298AD5I211178,2018-10-14 15:54:23,-1.0,23.4,15.54,24.25
Flower power 1099,PI040298AD5I211178,2018-10-14 16:09:23,-1.0,14.8,15.29,23.0
Flower power 1099,PI040298AD5I211178,2018-10-14 16:24:23,-1.0,16.4,15.41,23.0
Flower power 1099,PI040298AD5I211178,2018-10-14 16:39:23,-1.0,13.61,15.03,20.98
Flower power 1099,PI040298AD5I211178,2018-10-14 16:54:23,-1.0,6.93,15.16,19.38
Flower power 1099,PI040298AD5I211178,2018-10-14 17:09:23,-1.0,5.4,15.41,18.39
Flower power 1099,PI040298AD5I211178,2018-10-14 17:24:23,-1.0,4.17,15.41,17.83
Flower power 1099,PI040298AD5I211178,2018-10-14 17:39:23,-1.0,2.66,15.16,17.27
Flower power 1099,PI040298AD5I211178,2018-10-14 17:54:23,-1.0,1.02,15.29,16.76
Flower power 1099,PI040298AD5I211178,2018-10-14 18:09:23,-1.0,0.13,15.16,16.24
Flower power 1099,PI040298AD5I211178,2018-10-14 18:24:23,-1.0,0.1,15.03,15.82
Flower power 1099,PI040298AD5I211178,2018-10-14 18:39:23,-1.0,0.1,15.28,15.45
Flower power 1099,PI040298AD5I211178,2018-10-14 18:54:23,-1.0,0.1,15.03,15.03
Flower power 1099,PI040298AD5I211178,2018-10-14 19:09:23,-1.0,0.1,15.16,14.38
Flower power 1099,PI040298AD5I211178,2018-10-14 19:24:23,-1.0,0.1,15.16,13.34
Flower power 1099,PI040298AD5I211178,2018-10-14 19:39:23,-1.0,0.1,15.41,13.4
Flower power 1099,PI040298AD5I211178,2018-10-14 19:54:23,-1.0,0.1,15.15,12.9
Flower power 1099,PI040298AD5I211178,2018-10-14 20:09:23,-1.0,0.1,15.15,12.62
Flower power 1099,PI040298AD5I211178,2018-10-14 20:24:23,-1.0,0.1,15.28,11.99
Flower power 1099,PI040298AD5I211178,2018-10-14 20:39:23,-1.0,0.1,15.15,11.13
Flower power 1099,PI040298AD5I211178,2018-10-14 20:54:23,-1.0,0.1,15.15,10.78
Flower power 1099,PI040298AD5I211178,2018-10-14 21:09:23,-1.0,0.1,15.15,11.25
Flower power 1099,PI040298AD5I211178,2018-10-14 21:24:23,-1.0,0.1,15.15,10.96
Flower power 1099,PI040298AD5I211178,2018-10-14 21:39:23,-1.0,0.1,15.28,11.01
Flower power 1099,PI040298AD5I211178,2018-10-14 21:54:23,-1.0,0.1,14.77,11.13
Flower power 1099,PI040298AD5I211178,2018-10-14 22:09:23,-1.0,0.1,14.89,10.61
Flower power 1099,PI040298AD5I211178,2018-10-14 22:24:23,-1.0,0.1,14.77,10.25
Flower power 1099,PI040298AD5I211178,2018-10-14 22:39:23,-1.0,0.1,14.77,9.72
Flower power 1099,PI040298AD5I211178,2018-10-14 22:54:23,-1.0,0.1,15.02,9.48
Flower power 1099,PI040298AD5I211178,2018-10-14 23:09:23,-1.0,0.1,14.89,9.12
Flower power 1099,PI040298AD5I211178,2018-10-14 23:24:23,-1.0,0.1,15.02,9.06
Flower power 1099,PI040298AD5I211178,2018-10-14 23:39:23,-1.0,0.1,14.89,9.12
Flower power 1099,PI040298AD5I211178,2018-10-14 23:54:23,-1.0,0.1,15.01,9.3
Flower power 1099,PI040298AD5I211178,2018-10-15 00:09:23,-1.0,0.1,15.14,9.54
Flower power 1099,PI040298AD5I211178,2018-10-15 00:24:23,-1.0,0.1,14.89,9.18
Flower power 1099,PI040298AD5I211178,2018-10-15 00:39:23,-1.0,0.1,14.76,9.24
Flower power 1099,PI040298AD5I211178,2018-10-15 00:54:23,-1.0,0.1,14.76,8.87
Flower power 1099,PI040298AD5I211178,2018-10-15 01:09:23,-1.0,0.1,14.89,8.45
Flower power 1099,PI040298AD5I211178,2018-10-15 01:24:23,-1.0,0.1,14.5,8.57
Flower power 1099,PI040298AD5I211178,2018-10-15 01:39:23,-1.0,0.1,14.88,8.69
Flower power 1099,PI040298AD5I211178,2018-10-15 01:54:23,-1.0,0.1,14.63,8.94
Flower power 1099,PI040298AD5I211178,2018-10-15 02:09:23,-1.0,0.1,14.5,9.3
Flower power 1099,PI040298AD5I211178,2018-10-15 02:24:23,-1.0,0.1,15.01,9.6
Flower power 1099,PI040298AD5I211178,2018-10-15 02:39:23,-1.0,0.1,14.5,9.48
Flower power 1099,PI040298AD5I211178,2018-10-15 02:54:23,-1.0,0.1,14.88,9.54
Flower power 1099,PI040298AD5I211178,2018-10-15 03:09:23,-1.0,0.1,14.75,9.84
Flower power 1099,PI040298AD5I211178,2018-10-15 03:24:23,-1.0,0.1,15.01,10.96
Flower power 1099,PI040298AD5I211178,2018-10-15 03:39:23,-1.0,0.1,14.88,11.3
Flower power 1099,PI040298AD5I211178,2018-10-15 03:54:23,-1.0,0.1,14.88,11.99
Flower power 1099,PI040298AD5I211178,2018-10-15 04:09:23,-1.0,0.1,15.0,12.05
Flower power 1099,PI040298AD5I211178,2018-10-15 04:24:23,-1.0,0.1,14.62,12.39
Flower power 1099,PI040298AD5I211178,2018-10-15 04:39:23,-1.0,0.1,15.13,12.45
Flower power 1099,PI040298AD5I211178,2018-10-15 04:54:23,-1.0,0.1,15.0,13.01
Flower power 1099,PI040298AD5I211178,2018-10-15 05:09:23,-1.0,0.1,14.49,12.95
Flower power 1099,PI040298AD5I211178,2018-10-15 05:24:23,-1.0,0.1,14.62,13.34
Flower power 1099,PI040298AD5I211178,2018-10-15 05:39:23,-1.0,0.1,14.87,13.12
Flower power 1099,PI040298AD5I211178,2018-10-15 05:54:23,-1.0,0.1,14.74,13.67
Flower power 1099,PI040298AD5I211178,2018-10-15 06:09:23,-1.0,0.1,14.74,13.89
Flower power 1099,PI040298AD5I211178,2018-10-15 06:24:23,-1.0,0.1,14.87,14.0
Flower power 1099,PI040298AD5I211178,2018-10-15 06:39:23,-1.0,0.19,14.87,14.11
Flower power 1099,PI040298AD5I211178,2018-10-15 06:54:23,-1.0,0.62,14.62,14.54
Flower power 1099,PI040298AD5I211178,2018-10-15 07:09:23,-1.0,2.35,14.87,15.13
Flower power 1099,PI040298AD5I211178,2018-10-15 07:24:23,-1.0,3.22,15.12,15.35
Flower power 1099,PI040298AD5I211178,2018-10-15 07:39:23,-1.0,7.44,14.61,16.29
Flower power 1099,PI040298AD5I211178,2018-10-15 07:54:23,-1.0,10.89,14.74,17.68
Flower power 1099,PI040298AD5I211178,2018-10-15 08:09:23,-1.0,9.05,14.74,17.93
Flower power 1099,PI040298AD5I211178,2018-10-15 08:24:23,-1.0,19.46,14.87,20.11
Flower power 1099,PI040298AD5I211178,2018-10-15 08:39:23,-1.0,16.46,14.74,20.64
Flower power 1099,PI040298AD5I211178,2018-10-15 08:54:23,-1.0,57.95,14.61,22.54
Flower power 1099,PI040298AD5I211178,2018-10-15 09:09:23,-1.0,32.11,14.74,24.43
Flower power 1099,PI040298AD5I211178,2018-10-15 09:24:23,-1.0,32.75,14.99,25.11
Flower power 1099,PI040298AD5I211178,2018-10-15 09:39:23,-1.0,43.76,14.99,23.83
Flower power 1099,PI040298AD5I211178,2018-10-15 09:54:23,-1.0,27.02,15.25,21.97
Flower power 1099,PI040298AD5I211178,2018-10-15 10:09:23,-1.0,16.66,15.14,20.74
Flower power 1099,PI040298AD5I211178,2018-10-15 10:24:23,-1.0,10.54,15.65,19.96
Flower power 1099,PI040298AD5I211178,2018-10-15 10:39:23,-1.0,16.69,18.32,20.06
Flower power 1099,PI040298AD5I211178,2018-10-15 10:54:23,-1.0,15.22,22.18,21.07
Flower power 1099,PI040298AD5I211178,2018-10-15 11:09:23,-1.0,14.96,24.15,20.5
Flower power 1099,PI040298AD5I211178,2018-10-15 11:24:23,-1.0,15.75,26.91,20.79
Flower power 1099,PI040298AD5I211178,2018-10-15 11:39:23,-1.0,24.34,32.61,21.03
Flower power 1099,PI040298AD5I211178,2018-10-15 11:54:23,-1.0,15.2,34.24,21.31
Flower power 1099,PI040298AD5I211178,2018-10-15 12:09:23,-1.0,23.92,34.83,21.03
Flower power 1099,PI040298AD5I211178,2018-10-15 12:24:23,-1.0,46.36,35.76,24.34
Flower power 1099,PI040298AD5I211178,2018-10-15 12:39:23,-1.0,57.95,35.75,23.6
Flower power 1099,PI040298AD5I211178,2018-10-15 12:54:23,-1.0,61.04,35.97,27.84
Flower power 1099,PI040298AD5I211178,2018-10-15 13:09:23,-1.0,40.43,37.2,22.4
Flower power 1099,PI040298AD5I211178,2018-10-15 13:24:23,0.65,38.56,37.39,24.38
Flower power 1099,PI040298AD5I211178,2018-10-15 13:39:23,0.65,26.94,37.12,23.37
Flower power 1099,PI040298AD5I211178,2018-10-15 13:54:23,0.65,11.27,37.09,21.93
Flower power 1099,PI040298AD5I211178,2018-10-15 14:09:23,0.65,39.47,36.72,23.65
Flower power 1099,PI040298AD5I211178,2018-10-15 14:24:23,0.65,13.23,36.59,23.51
Flower power 1099,PI040298AD5I211178,2018-10-15 14:39:23,0.65,43.38,36.58,22.77
Flower power 1099,PI040298AD5I211178,2018-10-15 14:54:23,0.65,31.2,36.22,23.79
Flower power 1099,PI040298AD5I211178,2018-10-15 15:09:23,0.65,36.86,36.21,23.97
Flower power 1099,PI040298AD5I211178,2018-10-15 15:24:23,0.65,51.27,35.97,26.1
Flower power 1099,PI040298AD5I211178,2018-10-15 15:39:23,0.65,52.06,35.96,25.52
Flower power 1099,PI040298AD5I211178,2018-10-15 15:54:23,0.65,41.94,35.84,24.34
Flower power 1099,PI040298AD5I211178,2018-10-15 16:09:23,0.65,24.52,35.49,23.42
Flower power 1099,PI040298AD5I211178,2018-10-15 16:24:23,0.65,16.18,35.36,21.69
Flower power 1099,PI040298AD5I211178,2018-10-15 16:39:23,0.65,14.01,35.36,21.79
Flower power 1099,PI040298AD5I211178,2018-10-15 16:54:23,0.65,9.94,35.46,21.41
Flower power 1099,PI040298AD5I211178,2018-10-15 17:09:23,0.65,5.96,35.0,20.4
Flower power 1099,PI040298AD5I211178,2018-10-15 17:24:23,0.65,2.84,34.88,19.18
Flower power 1099,PI040298AD5I211178,2018-10-15 17:39:23,0.65,1.44,34.88,18.98
Flower power 1099,PI040298AD5I211178,2018-10-15 17:54:23,0.65,0.56,35.1,18.34
Flower power 1099,PI040298AD5I211178,2018-10-15 18:09:23,0.65,0.1,34.52,18.34
Flower power 1099,PI040298AD5I211178,2018-10-15 18:24:23,0.65,0.1,34.64,18.34
Flower power 1099,PI040298AD5I211178,2018-10-15 18:39:23,0.65,0.1,34.52,18.19
Flower power 1099,PI040298AD5I211178,2018-10-15 18:54:23,0.65,0.1,34.52,18.19
Flower power 1099,PI040298AD5I211178,2018-10-15 19:09:23,0.65,0.1,34.4,18.19
Flower power 1099,PI040298AD5I211178,2018-10-15 19:24:23,0.65,0.1,34.29,17.58
Flower power 1099,PI040298AD5I211178,2018-10-15 19:39:23,0.65,0.1,34.63,17.93
Flower power 1099,PI040298AD5I211178,2018-10-15 19:54:23,0.65,0.1,34.52,17.98
Flower power 1099,PI040298AD5I211178,2018-10-15 20:09:23,0.65,0.1,34.4,17.78
Flower power 1099,PI040298AD5I211178,2018-10-15 20:24:23,0.65,0.1,34.17,17.88
Flower power 1099,PI040298AD5I211178,2018-10-15 20:39:23,0.65,0.1,34.29,17.93
Flower power 1099,PI040298AD5I211178,2018-10-15 20:54:23,0.65,0.1,34.4,17.63
Flower power 1099,PI040298AD5I211178,2018-10-15 21:09:23,0.65,0.1,34.4,17.53
Flower power 1099,PI040298AD5I211178,2018-10-15 21:24:23,0.65,0.1,34.17,16.97
Flower power 1099,PI040298AD5I211178,2018-10-15 21:39:23,0.65,0.1,34.29,16.91
Flower power 1099,PI040298AD5I211178,2018-10-15 21:54:23,0.65,0.1,34.4,17.22
Flower power 1099,PI040298AD5I211178,2018-10-15 22:09:23,0.65,0.1,34.17,17.68
Flower power 1099,PI040298AD5I211178,2018-10-15 22:24:23,0.65,0.1,34.06,17.93
Flower power 1099,PI040298AD5I211178,2018-10-15 22:39:23,0.65,0.1,34.06,17.07
Flower power 1099,PI040298AD5I211178,2018-10-15 22:54:23,0.65,0.1,34.28,15.87
Flower power 1099,PI040298AD5I211178,2018-10-15 23:09:23,0.65,0.1,34.39,15.24
Flower power 1099,PI040298AD5I211178,2018-10-15 23:24:23,0.65,0.1,34.16,16.34
Flower power 1099,PI040298AD5I211178,2018-10-15 23:39:23,0.65,0.1,34.05,16.29
Flower power 1099,PI040298AD5I211178,2018-10-15 23:54:23,0.65,0.1,34.05,17.63
Flower power 1099,PI040298AD5I211178,2018-10-16 00:09:23,0.65,0.1,34.27,17.17
Flower power 1099,PI040298AD5I211178,2018-10-16 00:24:23,0.65,0.1,34.16,16.66
Flower power 1099,PI040298AD5I211178,2018-10-16 00:39:23,0.65,0.1,34.04,15.87
Flower power 1099,PI040298AD5I211178,2018-10-16 00:54:23,0.65,0.1,34.04,16.71
Flower power 1099,PI040298AD5I211178,2018-10-16 01:09:23,0.65,0.1,34.04,15.72
Flower power 1099,PI040298AD5I211178,2018-10-16 01:24:23,0.65,0.1,34.04,15.08
Flower power 1099,PI040298AD5I211178,2018-10-16 01:39:23,0.65,0.1,34.04,16.55
Flower power 1099,PI040298AD5I211178,2018-10-16 01:54:23,0.65,0.1,33.7,16.5
Flower power 1099,PI040298AD5I211178,2018-10-16 02:09:23,0.65,0.1,34.15,15.93
Flower power 1099,PI040298AD5I211178,2018-10-16 02:24:23,0.65,0.1,33.92,16.91
Flower power 1099,PI040298AD5I211178,2018-10-16 02:39:23,0.65,0.1,33.69,16.66
Flower power 1099,PI040298AD5I211178,2018-10-16 02:54:23,0.65,0.1,33.81,16.81
Flower power 1099,PI040298AD5I211178,2018-10-16 03:09:23,0.65,0.1,33.92,15.87
Flower power 1099,PI040298AD5I211178,2018-10-16 03:24:23,0.65,0.1,33.81,17.22
Flower power 1099,PI040298AD5I211178,2018-10-16 03:39:23,0.65,0.1,33.69,17.63
Flower power 1099,PI040298AD5I211178,2018-10-16 03:54:23,0.65,0.1,33.69,17.88
Flower power 1099,PI040298AD5I211178,2018-10-16 04:09:23,0.65,0.1,33.47,17.93
Flower power 1099,PI040298AD5I211178,2018-10-16 04:24:23,0.65,0.1,33.69,17.93
Flower power 1099,PI040298AD5I211178,2018-10-16 04:39:23,0.65,0.1,33.92,17.93
Flower power 1099,PI040298AD5I211178,2018-10-16 04:54:23,0.65,0.1,33.69,18.03
Flower power 1099,PI040298AD5I211178,2018-10-16 05:09:23,0.65,0.1,33.58,17.78
Flower power 1099,PI040298AD5I211178,2018-10-16 05:24:23,0.65,0.1,33.58,17.98
Flower power 1099,PI040298AD5I211178,2018-10-16 05:39:23,0.65,0.1,33.58,17.98
Flower power 1099,PI040298AD5I211178,2018-10-16 05:54:23,0.65,0.1,33.69,17.32
Flower power 1099,PI040298AD5I211178,2018-10-16 06:09:23,0.65,0.1,33.58,17.78
Flower power 1099,PI040298AD5I211178,2018-10-16 06:24:23,0.65,0.1,33.23,17.68
Flower power 1099,PI040298AD5I211178,2018-10-16 06:39:23,0.65,0.33,33.58,17.93
Flower power 1099,PI040298AD5I211178,2018-10-16 06:54:23,0.65,1.56,33.46,18.03
Flower power 1099,PI040298AD5I211178,2018-10-16 07:09:23,0.65,4.15,33.23,18.29
Flower power 1099,PI040298AD5I211178,2018-10-16 07:24:23,0.65,4.91,33.58,17.58
Flower power 1099,PI040298AD5I211178,2018-10-16 07:39:23,0.65,6.0,33.57,17.07
Flower power 1099,PI040298AD5I211178,2018-10-16 07:54:23,0.65,10.35,33.34,17.93
Flower power 1099,PI040298AD5I211178,2018-10-16 08:09:23,0.65,18.04,33.46,20.3
Flower power 1099,PI040298AD5I211178,2018-10-16 08:24:23,0.65,21.35,33.46,21.55
Flower power 1099,PI040298AD5I211178,2018-10-16 08:39:23,0.65,27.86,33.35,23.05
Flower power 1099,PI040298AD5I211178,2018-10-16 08:54:23,0.65,54.56,33.24,25.52
Flower power 1099,PI040298AD5I211178,2018-10-16 09:09:23,0.65,41.09,33.23,28.24
Flower power 1099,PI040298AD5I211178,2018-10-16 09:24:23,0.65,19.62,33.2,24.75
Flower power 1099,PI040298AD5I211178,2018-10-16 09:39:23,0.65,14.37,33.2,23.1
Flower power 1099,PI040298AD5I211178,2018-10-16 09:54:23,0.65,22.13,33.2,23.7
Flower power 1099,PI040298AD5I211178,2018-10-16 10:09:23,0.65,6.21,33.2,22.26
Flower power 1099,PI040298AD5I211178,2018-10-16 10:24:23,0.65,33.86,33.08,22.77
Flower power 1099,PI040298AD5I211178,2018-10-16 10:39:23,0.65,26.8,33.2,24.98
Flower power 1099,PI040298AD5I211178,2018-10-16 10:54:23,0.65,16.4,33.2,23.42
Flower power 1099,PI040298AD5I211178,2018-10-16 11:09:23,0.65,16.29,33.2,24.02
Flower power 1099,PI040298AD5I211178,2018-10-16 11:24:23,0.65,18.81,33.08,23.97
Flower power 1099,PI040298AD5I211178,2018-10-16 11:39:23,0.65,20.58,33.08,23.65
Flower power 1099,PI040298AD5I211178,2018-10-16 11:54:23,0.65,40.92,33.08,25.74
Flower power 1099,PI040298AD5I211178,2018-10-16 12:09:23,0.65,42.29,33.2,27.13
Flower power 1099,PI040298AD5I211178,2018-10-16 12:24:23,0.65,20.49,33.08,25.65
Flower power 1099,PI040298AD5I211178,2018-10-16 12:39:23,0.65,21.25,33.08,24.79
Flower power 1099,PI040298AD5I211178,2018-10-16 12:54:23,0.65,31.8,33.08,25.61
Flower power 1099,PI040298AD5I211178,2018-10-16 13:09:23,0.65,53.42,32.85,27.84
Flower power 1099,PI040298AD5I211178,2018-10-16 13:24:23,0.65,38.56,33.2,28.29
Flower power 1099,PI040298AD5I211178,2018-10-16 13:39:23,0.65,22.64,32.85,26.28
Flower power 1099,PI040298AD5I211178,2018-10-16 13:54:23,0.65,43.2,33.2,27.93
Flower power 1099,PI040298AD5I211178,2018-10-16 14:09:23,0.65,47.45,32.97,28.38
Flower power 1099,PI040298AD5I211178,2018-10-16 14:24:23,0.65,30.44,32.97,28.07
Flower power 1099,PI040298AD5I211178,2018-10-16 14:39:23,0.65,30.82,32.97,29.3
Flower power 1099,PI040298AD5I211178,2018-10-16 14:54:23,0.65,49.29,33.08,29.97
Flower power 1099,PI040298AD5I211178,2018-10-16 15:09:23,0.65,9.05,32.85,26.91
Flower power 1099,PI040298AD5I211178,2018-10-16 15:24:23,0.65,13.87,32.97,23.88
Flower power 1099,PI040298AD5I211178,2018-10-16 15:39:23,0.65,21.83,32.62,24.25
Flower power 1099,PI040298AD5I211178,2018-10-16 15:54:23,0.65,56.36,32.74,27.58
Flower power 1099,PI040298AD5I211178,2018-10-16 16:09:23,0.65,25.81,32.85,27.84
Flower power 1099,PI040298AD5I211178,2018-10-16 16:24:23,0.65,18.74,32.73,26.42
Flower power 1099,PI040298AD5I211178,2018-10-16 16:39:23,0.65,15.35,32.73,25.52
Flower power 1099,PI040298AD5I211178,2018-10-16 16:54:23,0.65,10.11,32.73,24.7
Flower power 1099,PI040298AD5I211178,2018-10-16 17:09:23,0.65,6.82,32.73,22.12
Flower power 1099,PI040298AD5I211178,2018-10-16 17:24:23,0.65,3.47,32.62,20.64
Flower power 1099,PI040298AD5I211178,2018-10-16 17:39:23,0.65,2.68,32.73,20.21
Flower power 1099,PI040298AD5I211178,2018-10-16 17:54:23,0.65,0.8,32.73,19.38
Flower power 1099,PI040298AD5I211178,2018-10-16 18:09:23,0.65,0.1,32.73,18.74
Flower power 1099,PI040298AD5I211178,2018-10-16 18:24:23,0.65,0.1,32.61,18.44
Flower power 1099,PI040298AD5I211178,2018-10-16 18:39:23,0.65,0.1,32.62,18.24
Flower power 1099,PI040298AD5I211178,2018-10-16 18:54:23,0.65,0.1,32.5,17.93
Flower power 1099,PI040298AD5I211178,2018-10-16 19:09:23,0.65,0.1,32.5,17.68
Flower power 1099,PI040298AD5I211178,2018-10-16 19:24:23,0.65,0.1,32.5,17.88
Flower power 1099,PI040298AD5I211178,2018-10-16 19:39:23,0.65,0.1,32.73,17.88
Flower power 1099,PI040298AD5I211178,2018-10-16 19:54:23,0.65,0.1,32.5,17.73
Flower power 1099,PI040298AD5I211178,2018-10-16 20:09:23,0.65,0.1,32.27,17.43
Flower power 1099,PI040298AD5I211178,2018-10-16 20:24:23,0.65,0.1,32.39,17.27
Flower power 1099,PI040298AD5I211178,2018-10-16 20:39:23,0.65,0.1,32.39,16.91
Flower power 1099,PI040298AD5I211178,2018-10-16 20:54:23,0.65,0.1,32.51,16.66
Flower power 1099,PI040298AD5I211178,2018-10-16 21:09:23,0.65,0.1,32.28,16.34
Flower power 1099,PI040298AD5I211178,2018-10-16 21:24:23,0.65,0.1,32.28,16.5
Flower power 1099,PI040298AD5I211178,2018-10-16 21:39:23,0.65,0.1,32.05,15.77
Flower power 1099,PI040298AD5I211178,2018-10-16 21:54:23,0.65,0.1,32.28,15.61
Flower power 1099,PI040298AD5I211178,2018-10-16 22:09:23,0.65,0.1,32.05,15.98
Flower power 1099,PI040298AD5I211178,2018-10-16 22:24:23,0.65,0.1,32.39,15.72
Flower power 1099,PI040298AD5I211178,2018-10-16 22:39:23,0.65,0.1,32.16,15.87
Flower power 1099,PI040298AD5I211178,2018-10-16 22:54:23,0.65,0.1,31.93,16.19
Flower power 1099,PI040298AD5I211178,2018-10-16 23:09:23,0.65,0.1,32.39,15.93
Flower power 1099,PI040298AD5I211178,2018-10-16 23:24:23,0.65,0.1,32.27,15.35
Flower power 1099,PI040298AD5I211178,2018-10-16 23:39:23,0.65,0.1,32.04,15.19
Flower power 1099,PI040298AD5I211178,2018-10-16 23:54:23,0.65,0.1,31.81,14.81
Flower power 1099,PI040298AD5I211178,2018-10-17 00:09:23,0.65,0.1,32.15,14.7
Flower power 1099,PI040298AD5I211178,2018-10-17 00:24:23,0.65,0.1,31.81,14.33
Flower power 1099,PI040298AD5I211178,2018-10-17 00:39:23,0.65,0.1,31.81,14.49
Flower power 1099,PI040298AD5I211178,2018-10-17 00:54:23,0.65,0.1,32.03,14.16
Flower power 1099,PI040298AD5I211178,2018-10-17 01:09:23,0.65,0.1,31.81,14.05
Flower power 1099,PI040298AD5I211178,2018-10-17 01:24:23,0.65,0.1,31.8,13.62
Flower power 1099,PI040298AD5I211178,2018-10-17 01:39:23,0.65,0.1,31.91,13.45
Flower power 1099,PI040298AD5I211178,2018-10-17 01:54:23,0.65,0.1,32.03,13.89
Flower power 1099,PI040298AD5I211178,2018-10-17 02:09:23,0.65,0.1,32.03,13.73
Flower power 1099,PI040298AD5I211178,2018-10-17 02:24:23,0.65,0.1,31.8,13.45
Flower power 1099,PI040298AD5I211178,2018-10-17 02:39:23,0.65,0.1,32.02,12.9
Flower power 1099,PI040298AD5I211178,2018-10-17 02:54:23,0.65,0.1,31.79,13.06
Flower power 1099,PI040298AD5I211178,2018-10-17 03:09:23,0.65,0.1,31.79,13.56
Flower power 1099,PI040298AD5I211178,2018-10-17 03:24:23,0.65,0.1,31.45,13.56
Flower power 1099,PI040298AD5I211178,2018-10-17 03:39:23,0.65,0.1,31.56,13.17
Flower power 1099,PI040298AD5I211178,2018-10-17 03:54:23,0.65,0.1,31.9,12.78
Flower power 1099,PI040298AD5I211178,2018-10-17 04:09:23,0.65,0.1,31.9,13.23
Flower power 1099,PI040298AD5I211178,2018-10-17 04:24:23,0.65,0.1,31.9,13.95
Flower power 1099,PI040298AD5I211178,2018-10-17 04:39:23,0.65,0.1,31.67,14.11
Flower power 1099,PI040298AD5I211178,2018-10-17 04:54:23,0.65,0.1,31.67,14.0
Flower power 1099,PI040298AD5I211178,2018-10-17 05:09:23,0.65,0.1,31.55,13.51
Flower power 1099,PI040298AD5I211178,2018-10-17 05:24:23,0.65,0.1,31.67,13.28
Flower power 1099,PI040298AD5I211178,2018-10-17 05:39:23,0.65,0.1,31.55,13.28
Flower power 1099,PI040298AD5I211178,2018-10-17 05:54:23,0.65,0.1,31.78,13.4
Flower power 1099,PI040298AD5I211178,2018-10-17 06:09:23,0.65,0.1,31.55,13.67
Flower power 1099,PI040298AD5I211178,2018-10-17 06:24:23,0.65,0.1,31.43,14.16
Flower power 1099,PI040298AD5I211178,2018-10-17 06:39:23,0.65,0.38,31.55,14.11
Flower power 1099,PI040298AD5I211178,2018-10-17 06:54:23,0.65,1.69,31.66,14.0
Flower power 1099,PI040298AD5I211178,2018-10-17 07:09:23,0.65,3.34,31.66,14.27
Flower power 1099,PI040298AD5I211178,2018-10-17 07:24:23,0.65,4.71,31.2,14.54
Flower power 1099,PI040298AD5I211178,2018-10-17 07:39:23,0.65,5.81,31.32,15.24
Flower power 1099,PI040298AD5I211178,2018-10-17 07:54:23,0.65,6.86,31.43,16.03
Flower power 1099,PI040298AD5I211178,2018-10-17 08:09:23,0.65,7.72,31.43,16.76
Flower power 1099,PI040298AD5I211178,2018-10-17 08:24:23,0.65,8.82,31.54,17.63
Flower power 1099,PI040298AD5I211178,2018-10-17 08:39:23,0.65,11.06,31.2,18.69
Flower power 1099,PI040298AD5I211178,2018-10-17 08:54:23,0.65,25.02,31.2,20.5
Flower power 1099,PI040298AD5I211178,2018-10-17 09:09:23,0.65,55.44,31.42,28.46
Flower power 1099,PI040298AD5I211178,2018-10-17 09:24:23,0.65,36.86,31.29,28.07
Flower power 1099,PI040298AD5I211178,2018-10-17 09:39:23,0.65,31.3,31.18,27.27
Flower power 1099,PI040298AD5I211178,2018-10-17 09:54:23,0.65,30.72,31.3,26.55
Flower power 1099,PI040298AD5I211178,2018-10-17 10:09:23,0.65,18.92,31.07,27.22
Flower power 1099,PI040298AD5I211178,2018-10-17 10:24:23,0.65,61.78,31.18,36.13
Flower power 1099,PI040298AD5I211178,2018-10-17 10:39:23,0.65,102.31,31.07,35.45
Flower power 1099,PI040298AD5I211178,2018-10-17 10:54:23,0.65,107.49,31.19,37.38
Flower power 1099,PI040298AD5I211178,2018-10-17 11:09:23,0.65,107.49,31.19,38.6
Flower power 1099,PI040298AD5I211178,2018-10-17 11:24:23,0.65,114.41,31.08,39.94
Flower power 1099,PI040298AD5I211178,2018-10-17 11:39:23,0.65,115.65,31.32,38.65
Flower power 1099,PI040298AD5I211178,2018-10-17 11:54:23,0.65,118.21,31.21,38.79
Flower power 1099,PI040298AD5I211178,2018-10-17 12:09:23,0.65,116.91,31.32,38.04
Flower power 1099,PI040298AD5I211178,2018-10-17 12:24:23,0.65,87.12,31.21,36.59
Flower power 1099,PI040298AD5I211178,2018-10-17 12:39:23,0.65,80.44,31.22,35.04
Flower power 1099,PI040298AD5I211178,2018-10-17 12:54:23,0.65,82.99,31.33,35.31
Flower power 1099,PI040298AD5I211178,2018-10-17 13:09:23,0.65,58.61,31.33,35.95
Flower power 1099,PI040298AD5I211178,2018-10-17 13:24:23,0.65,19.62,31.33,33.11
Flower power 1099,PI040298AD5I211178,2018-10-17 13:39:23,0.65,64.48,31.1,36.59
Flower power 1099,PI040298AD5I211178,2018-10-17 13:54:23,0.65,94.13,31.44,37.38
Flower power 1099,PI040298AD5I211178,2018-10-17 14:09:23,0.65,50.51,31.33,32.49
Flower power 1099,PI040298AD5I211178,2018-10-17 14:24:23,0.65,85.7,31.33,35.72
Flower power 1099,PI040298AD5I211178,2018-10-17 14:39:23,0.65,45.74,31.1,31.69
Flower power 1099,PI040298AD5I211178,2018-10-17 14:54:23,0.65,52.59,31.34,30.5
Flower power 1099,PI040298AD5I211178,2018-10-17 15:09:23,0.65,56.67,31.34,27.31
Flower power 1099,PI040298AD5I211178,2018-10-17 15:24:23,0.65,56.67,31.22,29.79
Flower power 1099,PI040298AD5I211178,2018-10-17 15:39:23,0.65,53.42,31.34,29.66
Flower power 1099,PI040298AD5I211178,2018-10-17 15:54:23,0.65,46.79,31.22,27.27
Flower power 1099,PI040298AD5I211178,2018-10-17 16:09:23,0.65,19.38,31.22,23.79
Flower power 1099,PI040298AD5I211178,2018-10-17 16:24:23,0.65,12.61,30.99,23.14
Flower power 1099,PI040298AD5I211178,2018-10-17 16:39:23,0.65,8.42,31.1,21.22
Flower power 1099,PI040298AD5I211178,2018-10-17 16:54:23,0.65,7.23,31.22,20.16
Flower power 1099,PI040298AD5I211178,2018-10-17 17:09:23,0.65,5.48,31.21,19.23
Flower power 1099,PI040298AD5I211178,2018-10-17 17:24:23,0.65,4.1,31.21,18.74
Flower power 1099,PI040298AD5I211178,2018-10-17 17:39:23,0.65,2.21,31.2,18.13
Flower power 1099,PI040298AD5I211178,2018-10-17 17:54:23,0.65,0.68,31.09,17.38
Flower power 1099,PI040298AD5I211178,2018-10-17 18:09:23,0.65,0.1,31.08,17.17
Flower power 1099,PI040298AD5I211178,2018-10-17 18:24:23,0.65,0.1,31.19,17.07
Flower power 1099,PI040298AD5I211178,2018-10-17 18:39:23,0.65,0.1,31.19,17.27
Flower power 1099,PI040298AD5I211178,2018-10-17 18:54:23,0.65,0.1,30.84,17.93
Flower power 1099,PI040298AD5I211178,2018-10-17 19:09:23,0.65,0.1,30.96,18.13
Flower power 1099,PI040298AD5I211178,2018-10-17 19:24:23,0.65,0.1,30.95,18.54
Flower power 1099,PI040298AD5I211178,2018-10-17 19:39:23,0.65,0.1,30.95,18.54
Flower power 1099,PI040298AD5I211178,2018-10-17 19:54:23,0.65,0.1,30.95,18.49
Flower power 1099,PI040298AD5I211178,2018-10-17 20:09:23,0.65,0.1,30.94,18.34
Flower power 1099,PI040298AD5I211178,2018-10-17 20:24:23,0.65,0.1,30.83,17.83
Flower power 1099,PI040298AD5I211178,2018-10-17 20:39:23,0.65,0.1,30.83,17.07
Flower power 1099,PI040298AD5I211178,2018-10-17 20:54:23,0.65,0.1,30.72,16.08
Flower power 1099,PI040298AD5I211178,2018-10-17 21:09:23,0.65,0.1,30.94,16.29
Flower power 1099,PI040298AD5I211178,2018-10-17 21:24:23,0.65,0.1,30.72,16.86
Flower power 1099,PI040298AD5I211178,2018-10-17 21:39:23,0.65,0.1,30.84,17.07
Flower power 1099,PI040298AD5I211178,2018-10-17 21:54:23,0.65,0.1,30.84,17.07
Flower power 1099,PI040298AD5I211178,2018-10-17 22:09:23,0.65,0.1,30.95,16.81
Flower power 1099,PI040298AD5I211178,2018-10-17 22:24:23,0.65,0.1,30.83,16.34
Flower power 1099,PI040298AD5I211178,2018-10-17 22:39:23,0.65,0.1,30.83,15.98
Flower power 1099,PI040298AD5I211178,2018-10-17 22:54:23,0.65,0.1,30.6,15.66
Flower power 1099,PI040298AD5I211178,2018-10-17 23:09:23,0.65,0.1,30.83,16.24
Flower power 1099,PI040298AD5I211178,2018-10-17 23:24:23,0.65,0.1,30.72,15.93
Flower power 1099,PI040298AD5I211178,2018-10-17 23:39:23,0.65,0.1,30.49,14.6
Flower power 1099,PI040298AD5I211178,2018-10-17 23:54:23,0.65,0.1,30.6,14.33
Flower power 1099,PI040298AD5I211178,2018-10-18 00:09:23,0.65,0.1,30.72,15.66
Flower power 1099,PI040298AD5I211178,2018-10-18 00:24:23,0.65,0.1,30.49,16.24
Flower power 1099,PI040298AD5I211178,2018-10-18 00:39:23,0.65,0.1,30.6,16.45
Flower power 1099,PI040298AD5I211178,2018-10-18 00:54:23,0.65,0.1,30.49,15.87
Flower power 1099,PI040298AD5I211178,2018-10-18 01:09:23,0.65,0.1,30.83,14.65
Flower power 1099,PI040298AD5I211178,2018-10-18 01:24:23,0.65,0.1,30.71,14.49
Flower power 1099,PI040298AD5I211178,2018-10-18 01:39:23,0.65,0.1,30.94,14.43
Flower power 1099,PI040298AD5I211178,2018-10-18 01:54:23,0.65,0.1,30.72,14.27
Flower power 1099,PI040298AD5I211178,2018-10-18 02:09:23,0.65,0.1,30.6,14.0
Flower power 1099,PI040298AD5I211178,2018-10-18 02:24:23,0.65,0.1,30.49,13.23
Flower power 1099,PI040298AD5I211178,2018-10-18 02:39:23,0.65,0.1,30.49,13.73
Flower power 1099,PI040298AD5I211178,2018-10-18 02:54:23,0.65,0.1,30.84,13.28
Flower power 1099,PI040298AD5I211178,2018-10-18 03:09:23,0.65,0.1,30.84,13.34
Flower power 1099,PI040298AD5I211178,2018-10-18 03:24:23,0.65,0.1,30.83,13.01
Flower power 1099,PI040298AD5I211178,2018-10-18 03:39:23,0.65,0.1,30.49,12.62
Flower power 1099,PI040298AD5I211178,2018-10-18 03:54:23,0.65,0.1,30.61,13.17
Flower power 1099,PI040298AD5I211178,2018-10-18 04:09:23,0.65,0.1,30.38,12.9
Flower power 1099,PI040298AD5I211178,2018-10-18 04:24:23,0.65,0.1,30.49,12.62
Flower power 1099,PI040298AD5I211178,2018-10-18 04:39:23,0.65,0.1,30.6,12.45
Flower power 1099,PI040298AD5I211178,2018-10-18 04:54:23,0.65,0.1,30.37,13.89
Flower power 1099,PI040298AD5I211178,2018-10-18 05:09:23,0.65,0.1,30.86,13.84
Flower power 1099,PI040298AD5I211178,2018-10-18 05:24:23,0.65,0.1,40.36,13.67
Flower power 1099,PI040298AD5I211178,2018-10-18 05:39:23,0.65,0.1,39.67,12.84
Flower power 1099,PI040298AD5I211178,2018-10-18 05:54:23,0.65,0.1,38.87,12.05
Flower power 1099,PI040298AD5I211178,2018-10-18 06:09:23,0.65,0.1,38.52,11.71
Flower power 1099,PI040298AD5I211178,2018-10-18 06:24:23,0.65,0.1,38.51,12.05
Flower power 1099,PI040298AD5I211178,2018-10-18 06:39:23,0.65,0.23,38.39,12.33
Flower power 1099,PI040298AD5I211178,2018-10-18 06:54:23,0.65,1.31,38.89,13.56
Flower power 1099,PI040298AD5I211178,2018-10-18 07:09:23,0.65,3.25,40.4,14.11
Flower power 1099,PI040298AD5I211178,2018-10-18 07:24:23,0.65,19.46,40.77,16.45
Flower power 1099,PI040298AD5I211178,2018-10-18 07:39:23,0.53,9.38,42.13,16.4
Flower power 1099,PI040298AD5I211178,2018-10-18 07:54:23,0.53,11.5,41.43,16.5
Flower power 1099,PI040298AD5I211178,2018-10-18 08:09:23,0.53,12.73,41.06,16.5
Flower power 1099,PI040298AD5I211178,2018-10-18 08:24:23,0.53,16.75,40.36,17.78
Flower power 1099,PI040298AD5I211178,2018-10-18 08:39:23,0.53,19.07,40.23,18.08
Flower power 1099,PI040298AD5I211178,2018-10-18 08:54:23,0.53,21.25,40.32,19.03
Flower power 1099,PI040298AD5I211178,2018-10-18 09:09:23,0.53,17.14,39.97,18.74
Flower power 1099,PI040298AD5I211178,2018-10-18 09:24:23,0.53,31.6,39.62,19.72
Flower power 1099,PI040298AD5I211178,2018-10-18 09:39:23,0.53,36.2,39.49,20.88
Flower power 1099,PI040298AD5I211178,2018-10-18 09:54:23,0.53,49.53,39.4,22.12
Flower power 1099,PI040298AD5I211178,2018-10-18 10:09:23,0.53,47.45,39.48,19.77
Flower power 1099,PI040298AD5I211178,2018-10-18 10:24:23,0.53,44.14,39.02,22.72
Flower power 1099,PI040298AD5I211178,2018-10-18 10:39:23,0.53,83.65,39.25,27.36
Flower power 1099,PI040298AD5I211178,2018-10-18 10:54:23,0.53,26.51,39.14,23.1
Flower power 1099,PI040298AD5I211178,2018-10-18 11:09:23,0.53,45.53,39.14,22.21
Flower power 1099,PI040298AD5I211178,2018-10-18 11:24:23,0.53,42.83,38.91,23.6
Flower power 1099,PI040298AD5I211178,2018-10-18 11:39:23,0.53,51.53,38.9,24.11
Flower power 1099,PI040298AD5I211178,2018-10-18 11:54:23,0.53,31.2,38.9,22.72
Flower power 1099,PI040298AD5I211178,2018-10-18 12:09:23,0.53,33.18,38.67,22.82
Flower power 1099,PI040298AD5I211178,2018-10-18 12:24:23,0.53,32.11,38.44,23.47
Flower power 1099,PI040298AD5I211178,2018-10-18 12:39:23,0.53,18.78,38.55,21.41
Flower power 1099,PI040298AD5I211178,2018-10-18 12:54:23,0.53,55.75,38.32,24.98
Flower power 1099,PI040298AD5I211178,2018-10-18 13:09:23,0.53,35.05,38.21,23.79
Flower power 1099,PI040298AD5I211178,2018-10-18 13:24:23,0.53,42.65,38.32,24.7
Flower power 1099,PI040298AD5I211178,2018-10-18 13:39:23,0.53,26.73,38.09,22.16
Flower power 1099,PI040298AD5I211178,2018-10-18 13:54:23,0.53,49.29,38.09,24.11
Flower power 1099,PI040298AD5I211178,2018-10-18 14:09:23,0.53,36.46,37.75,24.84
Flower power 1099,PI040298AD5I211178,2018-10-18 14:24:23,0.53,18.45,37.74,22.4
Flower power 1099,PI040298AD5I211178,2018-10-18 14:39:23,0.53,17.84,37.85,21.26
Flower power 1099,PI040298AD5I211178,2018-10-18 14:54:23,0.53,17.29,37.74,22.3
Flower power 1099,PI040298AD5I211178,2018-10-18 15:09:23,0.53,6.68,37.74,19.43
Flower power 1099,PI040298AD5I211178,2018-10-18 15:24:23,0.53,7.7,37.73,17.12
Flower power 1099,PI040298AD5I211178,2018-10-18 15:39:23,0.53,9.16,37.5,17.83
Flower power 1099,PI040298AD5I211178,2018-10-18 15:54:23,0.53,15.2,37.39,19.48
Flower power 1099,PI040298AD5I211178,2018-10-18 16:09:23,0.53,15.42,37.39,20.35
Flower power 1099,PI040298AD5I211178,2018-10-18 16:24:23,0.53,5.79,37.27,19.33
Flower power 1099,PI040298AD5I211178,2018-10-18 16:39:23,0.53,7.72,37.04,19.62
Flower power 1099,PI040298AD5I211178,2018-10-18 16:54:23,0.53,8.19,37.15,19.96
Flower power 1099,PI040298AD5I211178,2018-10-18 17:09:23,0.53,3.51,37.04,19.33
Flower power 1099,PI040298AD5I211178,2018-10-18 17:24:23,0.53,2.13,36.81,18.69
Flower power 1099,PI040298AD5I211178,2018-10-18 17:39:23,0.53,0.72,36.81,18.49
Flower power 1099,PI040298AD5I211178,2018-10-18 17:54:23,0.53,0.23,36.81,18.29
Flower power 1099,PI040298AD5I211178,2018-10-18 18:09:23,0.53,0.1,36.92,18.24
Flower power 1099,PI040298AD5I211178,2018-10-18 18:24:23,0.53,0.1,36.81,17.27
Flower power 1099,PI040298AD5I211178,2018-10-18 18:39:23,0.53,0.1,36.58,15.82
Flower power 1099,PI040298AD5I211178,2018-10-18 18:54:23,0.53,0.1,36.47,15.56
Flower power 1099,PI040298AD5I211178,2018-10-18 19:09:23,0.53,0.1,36.58,15.5
Flower power 1099,PI040298AD5I211178,2018-10-18 19:24:23,0.53,0.1,36.47,16.66
Flower power 1099,PI040298AD5I211178,2018-10-18 19:39:23,0.53,0.1,36.46,17.12
Flower power 1099,PI040298AD5I211178,2018-10-18 19:54:23,0.53,0.1,36.35,17.63
Flower power 1099,PI040298AD5I211178,2018-10-18 20:09:23,0.53,0.1,36.24,17.63
Flower power 1099,PI040298AD5I211178,2018-10-18 20:24:23,0.53,0.1,36.46,16.45
Flower power 1099,PI040298AD5I211178,2018-10-18 20:39:23,0.53,0.1,36.34,16.71
Flower power 1099,PI040298AD5I211178,2018-10-18 20:54:23,0.53,0.1,36.24,16.86
Flower power 1099,PI040298AD5I211178,2018-10-18 21:09:23,0.53,0.1,36.35,16.66
Flower power 1099,PI040298AD5I211178,2018-10-18 21:24:23,0.53,0.1,36.59,16.66
Flower power 1099,PI040298AD5I211178,2018-10-18 21:39:23,0.53,0.1,36.72,16.45
Flower power 1099,PI040298AD5I211178,2018-10-18 21:54:23,0.53,0.1,36.95,16.14
Flower power 1099,PI040298AD5I211178,2018-10-18 22:09:23,0.53,0.1,37.07,15.5
Flower power 1099,PI040298AD5I211178,2018-10-18 22:24:23,0.53,0.1,37.3,15.93
Flower power 1099,PI040298AD5I211178,2018-10-18 22:39:23,0.53,0.1,37.41,15.87
Flower power 1099,PI040298AD5I211178,2018-10-18 22:54:23,0.53,0.1,37.07,16.24
Flower power 1099,PI040298AD5I211178,2018-10-18 23:09:23,0.53,0.1,37.07,16.19
Flower power 1099,PI040298AD5I211178,2018-10-18 23:24:23,0.53,0.1,37.53,16.14
Flower power 1099,PI040298AD5I211178,2018-10-18 23:39:23,0.53,0.1,37.41,16.19
Flower power 1099,PI040298AD5I211178,2018-10-18 23:54:23,0.53,0.1,37.19,16.08
Flower power 1099,PI040298AD5I211178,2018-10-19 00:09:23,0.53,0.1,37.18,16.19
Flower power 1099,PI040298AD5I211178,2018-10-19 00:24:23,0.53,0.1,37.3,16.14
Flower power 1099,PI040298AD5I211178,2018-10-19 00:39:23,0.53,0.1,37.3,15.45
Flower power 1099,PI040298AD5I211178,2018-10-19 00:54:23,0.53,0.1,37.3,15.03
Flower power 1099,PI040298AD5I211178,2018-10-19 01:09:23,0.53,0.1,37.07,14.97
Flower power 1099,PI040298AD5I211178,2018-10-19 01:24:23,0.53,0.1,37.07,15.56
Flower power 1099,PI040298AD5I211178,2018-10-19 01:39:23,0.53,0.1,37.18,15.4
Flower power 1099,PI040298AD5I211178,2018-10-19 01:54:23,0.53,0.1,37.41,15.61
Flower power 1099,PI040298AD5I211178,2018-10-19 02:09:23,0.53,0.1,37.3,15.66
Flower power 1099,PI040298AD5I211178,2018-10-19 02:24:23,0.53,0.1,37.07,15.82
Flower power 1099,PI040298AD5I211178,2018-10-19 02:39:23,0.53,0.1,37.18,15.77
Flower power 1099,PI040298AD5I211178,2018-10-19 02:54:23,0.53,0.1,37.07,15.72
Flower power 1099,PI040298AD5I211178,2018-10-19 03:09:23,0.53,0.1,37.19,15.77
Flower power 1099,PI040298AD5I211178,2018-10-19 03:24:23,0.53,0.1,37.07,15.87
Flower power 1099,PI040298AD5I211178,2018-10-19 03:39:23,0.53,0.1,37.18,15.87
Flower power 1099,PI040298AD5I211178,2018-10-19 03:54:23,0.53,0.1,36.96,15.72
Flower power 1099,PI040298AD5I211178,2018-10-19 04:09:23,0.53,0.1,37.19,15.82
Flower power 1099,PI040298AD5I211178,2018-10-19 04:24:23,0.53,0.1,37.08,15.93
Flower power 1099,PI040298AD5I211178,2018-10-19 04:39:23,0.53,0.1,37.31,15.93
Flower power 1099,PI040298AD5I211178,2018-10-19 04:54:23,0.53,0.1,37.44,15.72
Flower power 1099,PI040298AD5I211178,2018-10-19 05:09:23,0.53,0.1,37.68,15.77
Flower power 1099,PI040298AD5I211178,2018-10-19 05:24:23,0.53,0.1,38.25,15.87
Flower power 1099,PI040298AD5I211178,2018-10-19 05:39:23,0.53,0.1,38.37,16.08
Flower power 1099,PI040298AD5I211178,2018-10-19 05:54:23,0.53,0.1,39.94,15.98
Flower power 1099,PI040298AD5I211178,2018-10-19 06:09:23,0.53,0.1,41.23,15.93
Flower power 1099,PI040298AD5I211178,2018-10-19 06:24:23,0.53,0.1,41.55,15.77
Flower power 1099,PI040298AD5I211178,2018-10-19 06:39:23,0.53,0.1,41.19,15.82
Flower power 1099,PI040298AD5I211178,2018-10-19 06:54:23,0.53,0.14,40.94,16.03
Flower power 1099,PI040298AD5I211178,2018-10-19 07:09:23,0.53,0.54,40.59,16.08
Flower power 1099,PI040298AD5I211178,2018-10-19 07:24:23,0.53,0.65,40.94,16.19
Flower power 1099,PI040298AD5I211178,2018-10-19 07:39:23,0.53,1.27,41.07,16.34
Flower power 1099,PI040298AD5I211178,2018-10-19 07:54:23,0.53,1.83,42.02,16.34
Flower power 1099,PI040298AD5I211178,2018-10-19 08:09:23,0.53,1.99,42.01,16.45
Flower power 1099,PI040298AD5I211178,2018-10-19 08:24:23,0.53,8.19,41.52,17.07
Flower power 1099,PI040298AD5I211178,2018-10-19 08:39:23,0.53,21.68,41.15,18.74
Flower power 1099,PI040298AD5I211178,2018-10-19 08:54:23,0.53,29.53,40.8,21.88
Flower power 1099,PI040298AD5I211178,2018-10-19 09:09:23,0.53,32.86,40.41,23.7
Flower power 1099,PI040298AD5I211178,2018-10-19 09:24:23,0.53,52.59,40.28,24.06
Flower power 1099,PI040298AD5I211178,2018-10-19 09:39:23,0.53,43.01,40.27,24.06
Flower power 1099,PI040298AD5I211178,2018-10-19 09:54:23,0.53,62.91,39.92,26.46
Flower power 1099,PI040298AD5I211178,2018-10-19 10:09:23,0.53,59.98,39.69,24.57
Flower power 1099,PI040298AD5I211178,2018-10-19 10:24:23,0.53,22.38,39.47,27.36
Flower power 1099,PI040298AD5I211178,2018-10-19 10:39:23,0.53,104.32,39.46,31.56
Flower power 1099,PI040298AD5I211178,2018-10-19 10:54:23,0.53,108.59,39.35,34.27
Flower power 1099,PI040298AD5I211178,2018-10-19 11:09:23,0.53,106.41,39.12,35.18
Flower power 1099,PI040298AD5I211178,2018-10-19 11:24:23,0.53,113.2,39.35,37.66
Flower power 1099,PI040298AD5I211178,2018-10-19 11:39:23,0.53,115.65,39.01,37.33
Flower power 1099,PI040298AD5I211178,2018-10-19 11:54:23,0.53,115.65,39.24,37.66
Flower power 1099,PI040298AD5I211178,2018-10-19 12:09:23,0.53,106.41,39.13,38.37
Flower power 1099,PI040298AD5I211178,2018-10-19 12:24:23,0.53,76.89,38.79,36.41
Flower power 1099,PI040298AD5I211178,2018-10-19 12:39:23,0.53,34.45,38.79,34.23
Flower power 1099,PI040298AD5I211178,2018-10-19 12:54:23,0.53,107.49,38.79,37.89
Flower power 1099,PI040298AD5I211178,2018-10-19 13:09:23,0.53,116.91,38.91,33.42
Flower power 1099,PI040298AD5I211178,2018-10-19 13:24:23,0.53,59.63,38.79,33.42
Flower power 1099,PI040298AD5I211178,2018-10-19 13:39:23,0.53,25.21,38.79,29.61
Flower power 1099,PI040298AD5I211178,2018-10-19 13:54:23,0.53,83.65,38.79,34.5
Flower power 1099,PI040298AD5I211178,2018-10-19 14:09:23,0.53,58.28,38.56,32.22
Flower power 1099,PI040298AD5I211178,2018-10-19 14:24:23,0.53,29.62,38.56,36.04
Flower power 1099,PI040298AD5I211178,2018-10-19 14:39:23,0.53,79.22,38.45,32.53
Flower power 1099,PI040298AD5I211178,2018-10-19 14:54:23,0.53,32.43,38.56,30.94
Flower power 1099,PI040298AD5I211178,2018-10-19 15:09:23,0.53,32.96,38.33,27.67
Flower power 1099,PI040298AD5I211178,2018-10-19 15:24:23,0.53,17.17,38.55,24.66
Flower power 1099,PI040298AD5I211178,2018-10-19 15:39:23,0.53,21.25,38.21,27.62
Flower power 1099,PI040298AD5I211178,2018-10-19 15:54:23,0.53,29.09,38.09,27.62
Flower power 1099,PI040298AD5I211178,2018-10-19 16:09:23,0.53,14.8,38.2,24.29
Flower power 1099,PI040298AD5I211178,2018-10-19 16:24:23,0.53,12.61,38.2,22.68
Flower power 1099,PI040298AD5I211178,2018-10-19 16:39:23,0.53,8.6,38.31,21.22
Flower power 1099,PI040298AD5I211178,2018-10-19 16:54:23,0.53,6.59,38.08,19.67
Flower power 1099,PI040298AD5I211178,2018-10-19 17:09:23,0.53,5.07,38.19,18.19
Flower power 1099,PI040298AD5I211178,2018-10-19 17:24:23,0.53,3.57,38.07,17.12
Flower power 1099,PI040298AD5I211178,2018-10-19 17:39:23,0.53,1.71,37.84,15.98
Flower power 1099,PI040298AD5I211178,2018-10-19 17:54:23,0.53,0.45,37.95,14.92
Flower power 1099,PI040298AD5I211178,2018-10-19 18:09:23,0.53,0.1,37.95,14.16
Flower power 1099,PI040298AD5I211178,2018-10-19 18:24:23,0.53,0.1,37.95,13.89
Flower power 1099,PI040298AD5I211178,2018-10-19 18:39:23,0.53,0.1,37.72,14.05
Flower power 1099,PI040298AD5I211178,2018-10-19 18:54:23,0.53,0.1,37.71,15.4
Flower power 1099,PI040298AD5I211178,2018-10-19 19:09:23,0.53,0.1,37.6,15.82
Flower power 1099,PI040298AD5I211178,2018-10-19 19:24:23,0.53,0.1,37.83,14.81
Flower power 1099,PI040298AD5I211178,2018-10-19 19:39:23,0.53,0.1,37.6,14.33
Flower power 1099,PI040298AD5I211178,2018-10-19 19:54:23,0.53,0.1,37.82,14.11
Flower power 1099,PI040298AD5I211178,2018-10-19 20:09:23,0.53,0.1,37.59,13.89
Flower power 1099,PI040298AD5I211178,2018-10-19 20:24:23,0.53,0.1,37.48,13.73
Flower power 1099,PI040298AD5I211178,2018-10-19 20:39:23,0.53,0.1,37.48,13.84
Flower power 1099,PI040298AD5I211178,2018-10-19 20:54:23,0.53,0.1,37.7,13.56
Flower power 1099,PI040298AD5I211178,2018-10-19 21:09:23,0.53,0.1,37.59,13.67
Flower power 1099,PI040298AD5I211178,2018-10-19 21:24:23,0.53,0.1,37.47,13.4
Flower power 1099,PI040298AD5I211178,2018-10-19 21:39:23,0.53,0.1,37.24,14.22
Flower power 1099,PI040298AD5I211178,2018-10-19 21:54:23,0.53,0.1,37.36,13.89
Flower power 1099,PI040298AD5I211178,2018-10-19 22:09:23,0.53,0.1,37.24,13.84
Flower power 1099,PI040298AD5I211178,2018-10-19 22:24:23,0.53,0.1,37.13,12.78
Flower power 1099,PI040298AD5I211178,2018-10-19 22:39:23,0.53,0.1,37.36,12.39
Flower power 1099,PI040298AD5I211178,2018-10-19 22:54:23,0.53,0.1,37.13,12.22
Flower power 1099,PI040298AD5I211178,2018-10-19 23:09:23,0.53,0.1,37.36,12.28
Flower power 1099,PI040298AD5I211178,2018-10-19 23:24:23,0.53,0.1,37.13,11.94
Flower power 1099,PI040298AD5I211178,2018-10-19 23:39:23,0.53,0.1,37.13,11.99
Flower power 1099,PI040298AD5I211178,2018-10-19 23:54:23,0.53,0.1,37.25,11.76
Flower power 1099,PI040298AD5I211178,2018-10-20 00:09:23,0.53,0.1,37.25,12.11
Flower power 1099,PI040298AD5I211178,2018-10-20 00:24:23,0.53,0.1,37.14,11.76
Flower power 1099,PI040298AD5I211178,2018-10-20 00:39:23,0.53,0.1,37.14,11.94
Flower power 1099,PI040298AD5I211178,2018-10-20 00:54:23,0.53,0.1,37.14,11.71
Flower power 1099,PI040298AD5I211178,2018-10-20 01:09:23,0.53,0.1,37.25,11.65
Flower power 1099,PI040298AD5I211178,2018-10-20 01:24:23,0.53,0.1,37.02,11.71
Flower power 1099,PI040298AD5I211178,2018-10-20 01:39:23,0.53,0.1,37.02,11.59
Flower power 1099,PI040298AD5I211178,2018-10-20 01:54:23,0.53,0.1,36.91,11.71
Flower power 1099,PI040298AD5I211178,2018-10-20 02:09:23,0.53,0.1,36.91,12.11
Flower power 1099,PI040298AD5I211178,2018-10-20 02:24:23,0.53,0.1,37.02,11.76
Flower power 1099,PI040298AD5I211178,2018-10-20 02:39:23,0.53,0.1,36.79,11.19
Flower power 1099,PI040298AD5I211178,2018-10-20 02:54:23,0.53,0.1,37.02,11.36
Flower power 1099,PI040298AD5I211178,2018-10-20 03:09:23,0.53,0.1,36.9,11.36
Flower power 1099,PI040298AD5I211178,2018-10-20 03:24:23,0.53,0.1,36.68,11.3
Flower power 1099,PI040298AD5I211178,2018-10-20 03:39:23,0.53,0.1,37.02,11.25
Flower power 1099,PI040298AD5I211178,2018-10-20 03:54:23,0.53,0.1,37.02,11.13
Flower power 1099,PI040298AD5I211178,2018-10-20 04:09:23,0.53,0.1,36.9,11.07
Flower power 1099,PI040298AD5I211178,2018-10-20 04:24:23,0.53,0.1,36.67,11.07
Flower power 1099,PI040298AD5I211178,2018-10-20 04:39:23,0.53,0.1,36.9,11.01
Flower power 1099,PI040298AD5I211178,2018-10-20 04:54:23,0.53,0.1,37.01,10.9
Flower power 1099,PI040298AD5I211178,2018-10-20 05:09:23,0.53,0.1,36.79,10.9
Flower power 1099,PI040298AD5I211178,2018-10-20 05:24:23,0.53,0.1,36.78,10.72
Flower power 1099,PI040298AD5I211178,2018-10-20 05:39:23,0.53,0.1,36.56,11.01
Flower power 1099,PI040298AD5I211178,2018-10-20 05:54:23,0.53,0.1,36.67,11.13
Flower power 1099,PI040298AD5I211178,2018-10-20 06:09:23,0.53,0.1,36.56,11.07
Flower power 1099,PI040298AD5I211178,2018-10-20 06:24:23,0.53,0.1,36.9,11.3
Flower power 1099,PI040298AD5I211178,2018-10-20 06:39:23,0.53,0.2,36.67,12.05
Flower power 1099,PI040298AD5I211178,2018-10-20 06:54:23,0.53,1.16,36.89,12.39
Flower power 1099,PI040298AD5I211178,2018-10-20 07:09:23,0.53,2.8,36.67,12.33
Flower power 1099,PI040298AD5I211178,2018-10-20 07:24:23,0.53,4.45,36.44,12.95
Flower power 1099,PI040298AD5I211178,2018-10-20 07:39:23,0.53,5.54,36.66,13.23
Flower power 1099,PI040298AD5I211178,2018-10-20 07:54:23,0.53,8.45,36.55,14.27
Flower power 1099,PI040298AD5I211178,2018-10-20 08:09:23,0.53,8.66,36.66,14.65
Flower power 1099,PI040298AD5I211178,2018-10-20 08:24:23,0.53,9.7,36.66,16.14
Flower power 1099,PI040298AD5I211178,2018-10-20 08:39:23,0.53,29.01,36.66,17.73
Flower power 1099,PI040298AD5I211178,2018-10-20 08:54:23,0.53,17.77,36.42,20.01
Flower power 1099,PI040298AD5I211178,2018-10-20 09:09:23,0.53,21.44,36.53,27.04
Flower power 1099,PI040298AD5I211178,2018-10-20 09:24:23,0.53,28.75,36.53,25.02
Flower power 1099,PI040298AD5I211178,2018-10-20 09:39:23,0.53,26.02,36.31,22.3
Flower power 1099,PI040298AD5I211178,2018-10-20 09:54:23,0.53,30.82,36.31,22.82
Flower power 1099,PI040298AD5I211178,2018-10-20 10:09:23,0.53,41.42,36.42,25.02
Flower power 1099,PI040298AD5I211178,2018-10-20 10:24:23,0.53,98.51,36.42,33.42
Flower power 1099,PI040298AD5I211178,2018-10-20 10:39:23,0.53,81.7,36.43,31.91
Flower power 1099,PI040298AD5I211178,2018-10-20 10:54:23,0.53,54.27,36.32,28.82
Flower power 1099,PI040298AD5I211178,2018-10-20 11:09:23,0.53,57.3,36.43,34.82
Flower power 1099,PI040298AD5I211178,2018-10-20 11:24:23,0.53,98.51,36.32,34.5
Flower power 1099,PI040298AD5I211178,2018-10-20 11:39:23,0.53,132.84,36.33,37.99
Flower power 1099,PI040298AD5I211178,2018-10-20 11:54:23,0.53,95.83,36.1,36.09
Flower power 1099,PI040298AD5I211178,2018-10-20 12:09:23,0.53,86.41,36.22,31.73
Flower power 1099,PI040298AD5I211178,2018-10-20 12:24:23,0.53,25.28,36.34,25.79
Flower power 1099,PI040298AD5I211178,2018-10-20 12:39:23,0.53,97.6,36.34,34.41
Flower power 1099,PI040298AD5I211178,2018-10-20 12:54:23,0.53,122.26,36.57,40.67
Flower power 1099,PI040298AD5I211178,2018-10-20 13:09:23,0.53,40.75,36.34,28.64
Flower power 1099,PI040298AD5I211178,2018-10-20 13:24:23,0.53,23.24,36.46,26.37
Flower power 1099,PI040298AD5I211178,2018-10-20 13:39:23,0.53,16.6,36.57,25.25
Flower power 1099,PI040298AD5I211178,2018-10-20 13:54:23,0.53,28.26,36.46,24.57
Flower power 1099,PI040298AD5I211178,2018-10-20 14:09:23,0.53,17.48,36.45,25.11
Flower power 1099,PI040298AD5I211178,2018-10-20 14:24:23,0.53,11.8,36.45,23.79
Flower power 1099,PI040298AD5I211178,2018-10-20 14:39:23,0.53,23.35,36.57,25.34
Flower power 1099,PI040298AD5I211178,2018-10-20 14:54:23,0.53,12.78,36.57,25.07
Flower power 1099,PI040298AD5I211178,2018-10-20 15:09:23,0.53,13.99,36.34,24.43
Flower power 1099,PI040298AD5I211178,2018-10-20 15:24:23,0.53,18.42,36.11,25.2
Flower power 1099,PI040298AD5I211178,2018-10-20 15:39:23,0.53,24.96,36.57,24.93
Flower power 1099,PI040298AD5I211178,2018-10-20 15:54:23,0.53,22.23,36.34,26.33
Flower power 1099,PI040298AD5I211178,2018-10-20 16:09:23,0.53,9.12,36.11,23.24
Flower power 1099,PI040298AD5I211178,2018-10-20 16:24:23,0.53,11.74,36.34,23.0
Flower power 1099,PI040298AD5I211178,2018-10-20 16:39:23,0.53,9.61,36.23,21.93
Flower power 1099,PI040298AD5I211178,2018-10-20 16:54:23,0.53,8.48,36.34,21.26
Flower power 1099,PI040298AD5I211178,2018-10-20 17:09:23,0.53,6.02,36.11,20.93
Flower power 1099,PI040298AD5I211178,2018-10-20 17:24:23,0.53,3.2,36.11,19.62
Flower power 1099,PI040298AD5I211178,2018-10-20 17:39:23,0.53,1.39,36.11,18.19
Flower power 1099,PI040298AD5I211178,2018-10-20 17:54:23,0.53,0.33,36.22,17.48
Flower power 1099,PI040298AD5I211178,2018-10-20 18:09:23,0.53,0.1,36.22,16.55
Flower power 1099,PI040298AD5I211178,2018-10-20 18:24:23,0.53,0.1,36.11,15.4
Flower power 1099,PI040298AD5I211178,2018-10-20 18:39:23,0.53,0.1,36.22,14.16
Flower power 1099,PI040298AD5I211178,2018-10-20 18:54:23,0.53,0.1,36.22,14.54
Flower power 1099,PI040298AD5I211178,2018-10-20 19:09:23,0.53,0.1,36.1,15.61
Flower power 1099,PI040298AD5I211178,2018-10-20 19:24:23,0.53,0.1,36.1,14.97
Flower power 1099,PI040298AD5I211178,2018-10-20 19:39:23,0.53,0.1,36.33,14.87
Flower power 1099,PI040298AD5I211178,2018-10-20 19:54:23,0.53,0.1,35.99,14.6
Flower power 1099,PI040298AD5I211178,2018-10-20 20:09:23,0.53,0.1,35.99,14.54
Flower power 1099,PI040298AD5I211178,2018-10-20 20:24:23,0.53,0.1,36.1,14.54
Flower power 1099,PI040298AD5I211178,2018-10-20 20:39:23,0.53,0.1,35.99,13.89
Flower power 1099,PI040298AD5I211178,2018-10-20 20:54:23,0.53,0.1,35.99,13.89
Flower power 1099,PI040298AD5I211178,2018-10-20 21:09:23,0.53,0.1,36.1,13.89
Flower power 1099,PI040298AD5I211178,2018-10-20 21:24:23,0.53,0.1,35.88,13.84
Flower power 1099,PI040298AD5I211178,2018-10-20 21:39:23,0.53,0.1,36.1,13.89
Flower power 1099,PI040298AD5I211178,2018-10-20 21:54:23,0.53,0.1,35.99,14.22
Flower power 1099,PI040298AD5I211178,2018-10-20 22:09:23,0.53,0.1,36.22,14.43
Flower power 1099,PI040298AD5I211178,2018-10-20 22:24:23,0.53,0.1,36.1,14.33
Flower power 1099,PI040298AD5I211178,2018-10-20 22:39:23,0.53,0.1,35.88,13.95
Flower power 1099,PI040298AD5I211178,2018-10-20 22:54:23,0.53,0.1,35.77,13.4
Flower power 1099,PI040298AD5I211178,2018-10-20 23:09:23,0.53,0.1,36.11,13.4
Flower power 1099,PI040298AD5I211178,2018-10-20 23:24:23,0.53,0.1,35.88,13.23
Flower power 1099,PI040298AD5I211178,2018-10-20 23:39:23,0.53,0.1,36.0,12.95
Flower power 1099,PI040298AD5I211178,2018-10-20 23:54:23,0.53,0.1,35.66,12.78
Flower power 1099,PI040298AD5I211178,2018-10-21 00:09:23,0.53,0.1,36.0,12.67
Flower power 1099,PI040298AD5I211178,2018-10-21 00:24:23,0.53,0.1,35.77,13.62
Flower power 1099,PI040298AD5I211178,2018-10-21 00:39:23,0.53,0.1,35.77,13.67
Flower power 1099,PI040298AD5I211178,2018-10-21 00:54:23,0.53,0.1,35.77,13.28
Flower power 1099,PI040298AD5I211178,2018-10-21 01:09:23,0.53,0.1,35.77,14.05
Flower power 1099,PI040298AD5I211178,2018-10-21 01:24:23,0.53,0.1,35.77,13.78
Flower power 1099,PI040298AD5I211178,2018-10-21 01:39:23,0.53,0.1,35.77,13.56
Flower power 1099,PI040298AD5I211178,2018-10-21 01:54:23,0.53,0.1,35.77,13.78
Flower power 1099,PI040298AD5I211178,2018-10-21 02:09:23,0.53,0.1,35.77,14.22
Flower power 1099,PI040298AD5I211178,2018-10-21 02:24:23,0.53,0.1,35.77,14.16
Flower power 1099,PI040298AD5I211178,2018-10-21 02:39:23,0.53,0.1,35.77,14.33
Flower power 1099,PI040298AD5I211178,2018-10-21 02:54:23,0.53,0.1,35.65,14.65
Flower power 1099,PI040298AD5I211178,2018-10-21 03:09:23,0.53,0.1,35.54,15.08
Flower power 1099,PI040298AD5I211178,2018-10-21 03:24:23,0.53,0.1,35.65,15.24
Flower power 1099,PI040298AD5I211178,2018-10-21 03:39:23,0.53,0.1,35.65,15.19
Flower power 1099,PI040298AD5I211178,2018-10-21 03:54:23,0.53,0.1,35.77,15.56
Flower power 1099,PI040298AD5I211178,2018-10-21 04:09:23,0.53,0.1,35.54,15.61
Flower power 1099,PI040298AD5I211178,2018-10-21 04:24:23,0.53,0.1,35.77,15.72
Flower power 1099,PI040298AD5I211178,2018-10-21 04:39:23,0.53,0.1,35.65,15.66
Flower power 1099,PI040298AD5I211178,2018-10-21 04:54:23,0.53,0.1,35.65,15.87
Flower power 1099,PI040298AD5I211178,2018-10-21 05:09:23,0.53,0.1,36.13,15.87
Flower power 1099,PI040298AD5I211178,2018-10-21 05:24:23,0.53,0.1,36.02,15.93
Flower power 1099,PI040298AD5I211178,2018-10-21 05:39:23,0.53,0.1,35.91,15.93
Flower power 1099,PI040298AD5I211178,2018-10-21 05:54:23,0.53,0.1,36.03,15.93
Flower power 1099,PI040298AD5I211178,2018-10-21 06:09:23,0.53,0.1,36.37,15.87
Flower power 1099,PI040298AD5I211178,2018-10-21 06:24:23,0.53,0.1,36.15,15.24
Flower power 1099,PI040298AD5I211178,2018-10-21 06:39:23,0.53,0.13,36.49,15.29
Flower power 1099,PI040298AD5I211178,2018-10-21 06:54:23,0.53,0.73,36.38,15.56
Flower power 1099,PI040298AD5I211178,2018-10-21 07:09:23,0.53,1.98,36.38,15.66
Flower power 1099,PI040298AD5I211178,2018-10-21 07:24:23,0.53,3.72,36.49,15.66
Flower power 1099,PI040298AD5I211178,2018-10-21 07:39:23,0.53,5.3,36.37,16.34
Flower power 1099,PI040298AD5I211178,2018-10-21 07:54:23,0.53,8.91,36.37,17.38
Flower power 1099,PI040298AD5I211178,2018-10-21 08:09:23,0.53,8.21,36.6,17.38
Flower power 1099,PI040298AD5I211178,2018-10-21 08:24:23,0.53,9.76,36.37,17.93
Flower power 1099,PI040298AD5I211178,2018-10-21 08:39:23,0.53,23.86,36.6,18.74
Flower power 1099,PI040298AD5I211178,2018-10-21 08:54:23,0.53,25.15,36.49,21.45
Flower power 1099,PI040298AD5I211178,2018-10-21 09:09:23,0.53,32.86,36.26,28.24
Flower power 1099,PI040298AD5I211178,2018-10-21 09:24:23,0.53,30.53,36.15,24.89
Flower power 1099,PI040298AD5I211178,2018-10-21 09:39:23,0.53,31.4,36.24,24.79
Flower power 1099,PI040298AD5I211178,2018-10-21 09:54:23,0.53,26.8,36.46,25.47
Flower power 1099,PI040298AD5I211178,2018-10-21 10:09:23,0.53,35.05,36.34,27.89
Flower power 1099,PI040298AD5I211178,2018-10-21 10:24:23,0.53,73.63,36.46,34.59
Flower power 1099,PI040298AD5I211178,2018-10-21 10:39:23,0.53,45.74,36.46,32.98
Flower power 1099,PI040298AD5I211178,2018-10-21 10:54:23,0.53,36.73,36.46,27.58
Flower power 1099,PI040298AD5I211178,2018-10-21 11:09:23,0.53,120.88,36.35,39.89
Flower power 1099,PI040298AD5I211178,2018-10-21 11:24:23,0.53,40.92,36.59,30.41
Flower power 1099,PI040298AD5I211178,2018-10-21 11:39:23,0.53,126.58,36.59,34.64
Flower power 1099,PI040298AD5I211178,2018-10-21 11:54:23,0.53,128.09,36.48,38.13
Flower power 1099,PI040298AD5I211178,2018-10-21 12:09:23,0.53,122.26,36.6,34.86
Flower power 1099,PI040298AD5I211178,2018-10-21 12:24:23,0.53,131.22,36.49,38.84
Flower power 1099,PI040298AD5I211178,2018-10-21 12:39:23,0.53,110.85,36.5,38.41
Flower power 1099,PI040298AD5I211178,2018-10-21 12:54:23,0.53,74.69,36.5,36.96
Flower power 1099,PI040298AD5I211178,2018-10-21 13:09:23,0.53,106.41,36.51,37.1
Flower power 1099,PI040298AD5I211178,2018-10-21 13:24:23,0.53,49.05,36.51,35.18
Flower power 1099,PI040298AD5I211178,2018-10-21 13:39:23,0.53,64.08,36.63,31.38
Flower power 1099,PI040298AD5I211178,2018-10-21 13:54:23,0.53,40.1,36.74,28.95
Flower power 1099,PI040298AD5I211178,2018-10-21 14:09:23,0.53,41.94,36.5,27.76
Flower power 1099,PI040298AD5I211178,2018-10-21 14:24:23,0.53,41.77,36.61,28.77
Flower power 1099,PI040298AD5I211178,2018-10-21 14:39:23,0.53,30.44,36.61,28.07
Flower power 1099,PI040298AD5I211178,2018-10-21 14:54:23,0.53,32.64,36.49,27.76
Flower power 1099,PI040298AD5I211178,2018-10-21 15:09:23,0.53,35.81,36.61,28.07
Flower power 1099,PI040298AD5I211178,2018-10-21 15:24:23,0.53,27.55,36.49,28.55
Flower power 1099,PI040298AD5I211178,2018-10-21 15:39:23,0.53,51.53,36.61,26.55
Flower power 1099,PI040298AD5I211178,2018-10-21 15:54:23,0.53,30.91,36.49,28.42
Flower power 1099,PI040298AD5I211178,2018-10-21 16:09:23,0.53,14.46,36.38,24.52
Flower power 1099,PI040298AD5I211178,2018-10-21 16:24:23,0.53,22.28,36.49,23.88
Flower power 1099,PI040298AD5I211178,2018-10-21 16:39:23,0.53,9.97,36.49,21.07
Flower power 1099,PI040298AD5I211178,2018-10-21 16:54:23,0.53,7.56,36.37,20.45
Flower power 1099,PI040298AD5I211178,2018-10-21 17:09:23,0.53,5.14,36.71,20.01
Flower power 1099,PI040298AD5I211178,2018-10-21 17:24:23,0.53,3.28,36.59,18.83
Flower power 1099,PI040298AD5I211178,2018-10-21 17:39:23,0.53,1.62,36.71,17.88
Flower power 1099,PI040298AD5I211178,2018-10-21 17:54:23,0.53,0.34,36.48,16.76
Flower power 1099,PI040298AD5I211178,2018-10-21 18:09:23,0.53,0.1,36.37,16.29
Flower power 1099,PI040298AD5I211178,2018-10-21 18:24:23,0.53,0.1,36.59,16.19
Flower power 1099,PI040298AD5I211178,2018-10-21 18:39:23,0.53,0.1,36.48,15.82
Flower power 1099,PI040298AD5I211178,2018-10-21 18:54:23,0.53,0.1,36.37,15.61
Flower power 1099,PI040298AD5I211178,2018-10-21 19:09:23,0.53,0.1,36.48,15.45
Flower power 1099,PI040298AD5I211178,2018-10-21 19:24:23,0.53,0.1,36.26,15.4
Flower power 1099,PI040298AD5I211178,2018-10-21 19:39:23,0.53,0.1,36.6,15.98
Flower power 1099,PI040298AD5I211178,2018-10-21 19:54:23,0.53,0.1,36.48,15.66
Flower power 1099,PI040298AD5I211178,2018-10-21 20:09:23,0.53,0.1,36.6,15.24
Flower power 1099,PI040298AD5I211178,2018-10-21 20:24:23,0.53,0.1,36.38,15.77
Flower power 1099,PI040298AD5I211178,2018-10-21 20:39:23,0.53,0.1,36.38,15.5
Flower power 1099,PI040298AD5I211178,2018-10-21 20:54:23,0.53,0.1,36.38,16.55
Flower power 1099,PI040298AD5I211178,2018-10-21 21:09:23,0.53,0.1,36.26,16.08
Flower power 1099,PI040298AD5I211178,2018-10-21 21:24:23,0.53,0.1,36.49,16.86
Flower power 1099,PI040298AD5I211178,2018-10-21 21:39:23,0.53,0.1,36.27,16.34
Flower power 1099,PI040298AD5I211178,2018-10-21 21:54:23,0.53,0.1,36.38,15.24
Flower power 1099,PI040298AD5I211178,2018-10-21 22:09:23,0.53,0.1,36.15,14.97
Flower power 1099,PI040298AD5I211178,2018-10-21 22:24:23,0.53,0.1,36.15,14.97
Flower power 1099,PI040298AD5I211178,2018-10-21 22:39:23,0.53,0.1,36.49,15.4
Flower power 1099,PI040298AD5I211178,2018-10-21 22:54:23,0.53,0.1,36.15,15.77
Flower power 1099,PI040298AD5I211178,2018-10-21 23:09:23,0.53,0.1,36.26,15.03
Flower power 1099,PI040298AD5I211178,2018-10-21 23:24:23,0.53,0.1,36.37,14.43
Flower power 1099,PI040298AD5I211178,2018-10-21 23:39:23,0.53,0.1,36.03,14.43
Flower power 1099,PI040298AD5I211178,2018-10-21 23:54:23,0.53,0.1,36.26,14.33
Flower power 1099,PI040298AD5I211178,2018-10-22 00:09:23,0.53,0.1,36.03,14.7
Flower power 1099,PI040298AD5I211178,2018-10-22 00:24:23,0.53,0.1,36.37,15.13
Flower power 1099,PI040298AD5I211178,2018-10-22 00:39:23,0.53,0.1,36.25,14.76
Flower power 1099,PI040298AD5I211178,2018-10-22 00:54:23,0.53,0.1,36.03,14.6
Flower power 1099,PI040298AD5I211178,2018-10-22 01:09:23,0.53,0.1,36.14,14.6
Flower power 1099,PI040298AD5I211178,2018-10-22 01:24:23,0.53,0.1,36.14,14.76
Flower power 1099,PI040298AD5I211178,2018-10-22 01:39:23,0.53,0.1,36.37,14.22
Flower power 1099,PI040298AD5I211178,2018-10-22 01:54:23,0.53,0.1,36.14,13.84
Flower power 1099,PI040298AD5I211178,2018-10-22 02:09:23,0.53,0.1,36.25,14.22
Flower power 1099,PI040298AD5I211178,2018-10-22 02:24:23,0.53,0.1,36.02,13.89
Flower power 1099,PI040298AD5I211178,2018-10-22 02:39:23,0.53,0.1,36.13,13.95
Flower power 1099,PI040298AD5I211178,2018-10-22 02:54:23,0.53,0.1,35.91,14.16
Flower power 1099,PI040298AD5I211178,2018-10-22 03:09:23,0.53,0.1,36.13,14.38
Flower power 1099,PI040298AD5I211178,2018-10-22 03:24:23,0.53,0.1,36.25,13.89
Flower power 1099,PI040298AD5I211178,2018-10-22 03:39:23,0.53,0.1,36.02,13.56
Flower power 1099,PI040298AD5I211178,2018-10-22 03:54:23,0.53,0.1,36.13,13.51
Flower power 1099,PI040298AD5I211178,2018-10-22 04:09:23,0.53,0.1,36.13,13.78
Flower power 1099,PI040298AD5I211178,2018-10-22 04:24:23,0.53,0.1,35.9,13.84
Flower power 1099,PI040298AD5I211178,2018-10-22 04:39:23,0.53,0.1,36.01,14.05
Flower power 1099,PI040298AD5I211178,2018-10-22 04:54:23,0.53,0.1,36.01,14.0
Flower power 1099,PI040298AD5I211178,2018-10-22 05:09:23,0.53,0.1,36.01,13.95
Flower power 1099,PI040298AD5I211178,2018-10-22 05:24:23,0.53,0.1,36.12,13.95
Flower power 1099,PI040298AD5I211178,2018-10-22 05:39:23,0.53,0.1,36.24,13.78
Flower power 1099,PI040298AD5I211178,2018-10-22 05:54:23,0.53,0.1,35.9,14.0
Flower power 1099,PI040298AD5I211178,2018-10-22 06:09:23,0.53,0.1,36.01,13.56
Flower power 1099,PI040298AD5I211178,2018-10-22 06:24:23,0.53,0.1,35.9,13.45
Flower power 1099,PI040298AD5I211178,2018-10-22 06:39:23,0.53,0.17,36.01,13.4
Flower power 1099,PI040298AD5I211178,2018-10-22 06:54:23,0.53,1.12,36.23,13.28
Flower power 1099,PI040298AD5I211178,2018-10-22 07:09:23,0.53,2.9,36.01,13.89
Flower power 1099,PI040298AD5I211178,2018-10-22 07:24:23,0.53,5.06,36.23,14.7
Flower power 1099,PI040298AD5I211178,2018-10-22 07:39:23,0.53,6.53,35.89,15.45
Flower power 1099,PI040298AD5I211178,2018-10-22 07:54:23,0.53,11.58,35.78,17.43
Flower power 1099,PI040298AD5I211178,2018-10-22 08:09:23,0.53,10.64,35.78,18.13
Flower power 1099,PI040298AD5I211178,2018-10-22 08:24:23,0.53,15.96,36.01,20.4
Flower power 1099,PI040298AD5I211178,2018-10-22 08:39:23,0.53,28.75,35.9,21.97
Flower power 1099,PI040298AD5I211178,2018-10-22 08:54:23,0.53,30.07,35.78,22.49
Flower power 1099,PI040298AD5I211178,2018-10-22 09:09:23,0.53,63.29,35.9,28.6
Flower power 1099,PI040298AD5I211178,2018-10-22 09:24:23,0.53,20.98,36.01,24.98
Flower power 1099,PI040298AD5I211178,2018-10-22 09:39:23,0.53,18.85,35.9,25.02
Flower power 1099,PI040298AD5I211178,2018-10-22 09:54:23,0.53,24.83,35.9,25.02
Flower power 1099,PI040298AD5I211178,2018-10-22 10:09:23,0.53,54.27,35.77,28.6
Flower power 1099,PI040298AD5I211178,2018-10-22 10:24:23,0.53,85.01,35.89,34.54
Flower power 1099,PI040298AD5I211178,2018-10-22 10:39:23,0.53,90.88,35.89,37.66
Flower power 1099,PI040298AD5I211178,2018-10-22 10:54:23,0.53,95.83,36.01,38.65
Flower power 1099,PI040298AD5I211178,2018-10-22 11:09:23,0.53,100.38,35.9,40.48
Flower power 1099,PI040298AD5I211178,2018-10-22 11:24:23,0.53,102.31,36.01,39.99
Flower power 1099,PI040298AD5I211178,2018-10-22 11:39:23,0.53,105.36,35.9,40.04
Flower power 1099,PI040298AD5I211178,2018-10-22 11:54:23,0.53,105.36,36.13,38.22
Flower power 1099,PI040298AD5I211178,2018-10-22 12:09:23,0.53,83.65,35.91,38.22
Flower power 1099,PI040298AD5I211178,2018-10-22 12:24:23,0.53,105.36,36.14,39.03
Flower power 1099,PI040298AD5I211178,2018-10-22 12:39:23,0.53,103.31,35.91,37.71
Flower power 1099,PI040298AD5I211178,2018-10-22 12:54:23,0.53,92.48,35.92,37.89
Flower power 1099,PI040298AD5I211178,2018-10-22 13:09:23,0.53,99.44,36.15,37.66
Flower power 1099,PI040298AD5I211178,2018-10-22 13:24:23,0.53,55.15,35.81,37.71
Flower power 1099,PI040298AD5I211178,2018-10-22 13:39:23,0.53,70.15,35.92,35.59
Flower power 1099,PI040298AD5I211178,2018-10-22 13:54:23,0.53,66.98,36.05,37.06
Flower power 1099,PI040298AD5I211178,2018-10-22 14:09:23,0.53,66.98,36.16,34.91
Flower power 1099,PI040298AD5I211178,2018-10-22 14:24:23,0.53,74.69,35.93,35.59
Flower power 1099,PI040298AD5I211178,2018-10-22 14:39:23,0.53,74.16,36.17,35.27
Flower power 1099,PI040298AD5I211178,2018-10-22 14:54:23,0.53,57.62,35.83,34.05
Flower power 1099,PI040298AD5I211178,2018-10-22 15:09:23,0.53,19.26,35.93,27.53
Flower power 1099,PI040298AD5I211178,2018-10-22 15:24:23,0.53,17.7,36.04,27.89
Flower power 1099,PI040298AD5I211178,2018-10-22 15:39:23,0.53,21.68,36.04,29.04
Flower power 1099,PI040298AD5I211178,2018-10-22 15:54:23,0.53,22.28,36.04,27.76
Flower power 1099,PI040298AD5I211178,2018-10-22 16:09:23,0.53,17.26,36.15,25.92
Flower power 1099,PI040298AD5I211178,2018-10-22 16:24:23,0.53,12.71,35.92,24.84
Flower power 1099,PI040298AD5I211178,2018-10-22 16:39:23,0.53,10.66,35.91,24.29
Flower power 1099,PI040298AD5I211178,2018-10-22 16:54:23,0.53,8.42,35.91,23.28
Flower power 1099,PI040298AD5I211178,2018-10-22 17:09:23,0.53,7.06,36.25,22.68
Flower power 1099,PI040298AD5I211178,2018-10-22 17:24:23,0.53,3.56,36.02,21.12
Flower power 1099,PI040298AD5I211178,2018-10-22 17:39:23,0.53,1.3,35.9,19.28
Flower power 1099,PI040298AD5I211178,2018-10-22 17:54:23,0.53,0.25,35.9,18.34
Flower power 1099,PI040298AD5I211178,2018-10-22 18:09:23,0.53,0.1,35.9,17.83
Flower power 1099,PI040298AD5I211178,2018-10-22 18:24:23,0.53,0.1,36.01,17.73
Flower power 1099,PI040298AD5I211178,2018-10-22 18:39:23,0.53,0.1,36.01,17.22
Flower power 1099,PI040298AD5I211178,2018-10-22 18:54:23,0.53,0.1,36.01,16.91
Flower power 1099,PI040298AD5I211178,2018-10-22 19:09:23,0.53,0.1,36.01,16.76
Flower power 1099,PI040298AD5I211178,2018-10-22 19:24:23,0.53,0.1,35.9,16.45
Flower power 1099,PI040298AD5I211178,2018-10-22 19:39:23,0.53,0.1,35.67,16.6
Flower power 1099,PI040298AD5I211178,2018-10-22 19:54:23,0.53,0.1,35.67,16.4
Flower power 1099,PI040298AD5I211178,2018-10-22 20:09:23,0.53,0.1,35.79,16.14
Flower power 1099,PI040298AD5I211178,2018-10-22 20:24:23,0.53,0.1,35.91,16.08
Flower power 1099,PI040298AD5I211178,2018-10-22 20:39:23,0.53,0.1,35.68,15.98
Flower power 1099,PI040298AD5I211178,2018-10-22 20:54:23,0.53,0.1,36.02,15.77
Flower power 1099,PI040298AD5I211178,2018-10-22 21:09:23,0.53,0.1,35.79,15.45
Flower power 1099,PI040298AD5I211178,2018-10-22 21:24:23,0.53,0.1,35.79,15.4
Flower power 1099,PI040298AD5I211178,2018-10-22 21:39:23,0.53,0.1,35.79,15.35
Flower power 1099,PI040298AD5I211178,2018-10-22 21:54:23,0.53,0.1,35.79,15.03
Flower power 1099,PI040298AD5I211178,2018-10-22 22:09:23,0.53,0.1,35.79,15.19
Flower power 1099,PI040298AD5I211178,2018-10-22 22:24:23,0.53,0.1,35.79,15.61
Flower power 1099,PI040298AD5I211178,2018-10-22 22:39:23,0.53,0.1,35.9,16.03
Flower power 1099,PI040298AD5I211178,2018-10-22 22:54:23,0.53,0.1,35.68,15.82
Flower power 1099,PI040298AD5I211178,2018-10-22 23:09:23,0.53,0.1,35.79,15.87
Flower power 1099,PI040298AD5I211178,2018-10-22 23:24:23,0.53,0.1,35.91,15.98
Flower power 1099,PI040298AD5I211178,2018-10-22 23:39:23,0.53,0.1,35.68,15.82
Flower power 1099,PI040298AD5I211178,2018-10-22 23:54:23,0.53,0.1,35.68,15.98
Flower power 1099,PI040298AD5I211178,2018-10-23 00:09:23,0.53,0.1,35.67,16.14
Flower power 1099,PI040298AD5I211178,2018-10-23 00:24:23,0.53,0.1,35.56,16.08
Flower power 1099,PI040298AD5I211178,2018-10-23 00:39:23,0.53,0.1,35.68,15.93
Flower power 1099,PI040298AD5I211178,2018-10-23 00:54:23,0.53,0.1,35.56,16.24
Flower power 1099,PI040298AD5I211178,2018-10-23 01:09:23,0.53,0.1,35.67,16.19
Flower power 1099,PI040298AD5I211178,2018-10-23 01:24:23,0.53,0.1,35.45,16.4
Flower power 1099,PI040298AD5I211178,2018-10-23 01:39:23,0.53,0.1,35.79,16.4
Flower power 1099,PI040298AD5I211178,2018-10-23 01:54:23,0.53,0.1,35.45,16.34
Flower power 1099,PI040298AD5I211178,2018-10-23 02:09:23,0.53,0.1,35.45,15.93
Flower power 1099,PI040298AD5I211178,2018-10-23 02:24:23,0.53,0.1,35.67,15.5
Flower power 1099,PI040298AD5I211178,2018-10-23 02:39:23,0.53,0.1,35.67,15.35
Flower power 1099,PI040298AD5I211178,2018-10-23 02:54:23,0.53,0.1,35.45,15.29
Flower power 1099,PI040298AD5I211178,2018-10-23 03:09:23,0.53,0.1,35.79,15.19
Flower power 1099,PI040298AD5I211178,2018-10-23 03:24:23,0.53,0.1,35.45,14.97
Flower power 1099,PI040298AD5I211178,2018-10-23 03:39:23,0.53,0.1,35.56,15.03
Flower power 1099,PI040298AD5I211178,2018-10-23 03:54:23,0.53,0.1,35.56,14.7
Flower power 1099,PI040298AD5I211178,2018-10-23 04:09:23,0.53,0.1,35.56,14.22
Flower power 1099,PI040298AD5I211178,2018-10-23 04:24:23,0.53,0.1,35.33,14.0
Flower power 1099,PI040298AD5I211178,2018-10-23 04:39:23,0.53,0.1,35.78,13.67
Flower power 1099,PI040298AD5I211178,2018-10-23 04:54:23,0.53,0.1,35.44,13.84
Flower power 1099,PI040298AD5I211178,2018-10-23 05:09:23,0.53,0.1,35.44,14.43
Flower power 1099,PI040298AD5I211178,2018-10-23 05:24:23,0.53,0.1,35.55,13.84
Flower power 1099,PI040298AD5I211178,2018-10-23 05:39:23,0.53,0.1,35.44,13.95
Flower power 1099,PI040298AD5I211178,2018-10-23 05:54:23,0.53,0.1,35.32,14.6
Flower power 1099,PI040298AD5I211178,2018-10-23 06:09:23,0.53,0.1,35.44,14.54
Flower power 1099,PI040298AD5I211178,2018-10-23 06:24:23,0.53,0.1,35.44,15.72
Flower power 1099,PI040298AD5I211178,2018-10-23 06:39:23,0.53,0.1,35.44,14.92
Flower power 1099,PI040298AD5I211178,2018-10-23 06:54:23,0.53,0.72,35.44,14.38
Flower power 1099,PI040298AD5I211178,2018-10-23 07:09:23,0.53,1.5,35.55,14.38
Flower power 1099,PI040298AD5I211178,2018-10-23 07:24:23,0.53,2.26,35.55,14.49
Flower power 1099,PI040298AD5I211178,2018-10-23 07:39:23,0.53,3.3,35.66,14.76
Flower power 1099,PI040298AD5I211178,2018-10-23 07:54:23,0.53,4.53,35.44,15.4
Flower power 1099,PI040298AD5I211178,2018-10-23 08:09:23,0.53,5.41,35.21,16.14
Flower power 1099,PI040298AD5I211178,2018-10-23 08:24:23,0.53,7.3,35.44,17.02
Flower power 1099,PI040298AD5I211178,2018-10-23 08:39:23,0.53,12.79,35.1,18.03
Flower power 1099,PI040298AD5I211178,2018-10-23 08:54:23,0.53,17.54,35.44,19.92
Flower power 1099,PI040298AD5I211178,2018-10-23 09:09:23,0.53,20.49,35.33,20.79
Flower power 1099,PI040298AD5I211178,2018-10-23 09:24:23,0.53,26.44,35.33,22.3
Flower power 1099,PI040298AD5I211178,2018-10-23 09:39:23,0.53,33.41,35.32,24.02
Flower power 1099,PI040298AD5I211178,2018-10-23 09:54:23,0.53,35.55,35.31,26.1
Flower power 1099,PI040298AD5I211178,2018-10-23 10:09:23,0.53,31.11,35.3,25.83
Flower power 1099,PI040298AD5I211178,2018-10-23 10:24:23,0.53,32.64,35.21,26.51
Flower power 1099,PI040298AD5I211178,2018-10-23 10:39:23,0.53,33.07,35.54,26.82
Flower power 1099,PI040298AD5I211178,2018-10-23 10:54:23,0.53,20.53,35.19,25.34
Flower power 1099,PI040298AD5I211178,2018-10-23 11:09:23,0.53,36.73,35.42,24.84
Flower power 1099,PI040298AD5I211178,2018-10-23 11:24:23,0.53,37.69,35.53,26.06
Flower power 1099,PI040298AD5I211178,2018-10-23 11:39:23,0.53,30.62,35.54,27.18
Flower power 1099,PI040298AD5I211178,2018-10-23 11:54:23,0.53,23.35,35.2,26.42
Flower power 1099,PI040298AD5I211178,2018-10-23 12:09:23,0.53,30.72,35.54,26.78
Flower power 1099,PI040298AD5I211178,2018-10-23 12:24:23,0.53,62.91,35.43,30.41
Flower power 1099,PI040298AD5I211178,2018-10-23 12:39:23,0.53,44.53,35.55,29.92
Flower power 1099,PI040298AD5I211178,2018-10-23 12:54:23,0.53,56.98,35.32,31.91
Flower power 1099,PI040298AD5I211178,2018-10-23 13:09:23,0.53,56.67,35.44,31.07
Flower power 1099,PI040298AD5I211178,2018-10-23 13:24:23,0.53,90.88,35.33,34.64
Flower power 1099,PI040298AD5I211178,2018-10-23 13:39:23,0.53,57.3,35.34,34.82
Flower power 1099,PI040298AD5I211178,2018-10-23 13:54:23,0.53,67.86,35.57,35.5
Flower power 1099,PI040298AD5I211178,2018-10-23 14:09:23,0.53,59.29,35.23,33.29
Flower power 1099,PI040298AD5I211178,2018-10-23 14:24:23,0.53,46.15,35.57,33.56
Flower power 1099,PI040298AD5I211178,2018-10-23 14:39:23,0.53,63.29,35.68,28.73
Flower power 1099,PI040298AD5I211178,2018-10-23 14:54:23,0.53,61.41,35.56,30.1
Flower power 1099,PI040298AD5I211178,2018-10-23 15:09:23,0.53,19.54,35.22,26.1
Flower power 1099,PI040298AD5I211178,2018-10-23 15:24:23,0.53,25.61,35.45,26.15
Flower power 1099,PI040298AD5I211178,2018-10-23 15:39:23,0.53,23.29,35.67,26.46
Flower power 1099,PI040298AD5I211178,2018-10-23 15:54:23,0.53,21.16,35.56,26.55
Flower power 1099,PI040298AD5I211178,2018-10-23 16:09:23,0.53,20.19,35.44,26.24
Flower power 1099,PI040298AD5I211178,2018-10-23 16:24:23,0.53,16.29,35.45,26.19
Flower power 1099,PI040298AD5I211178,2018-10-23 16:39:23,0.53,10.84,35.45,24.66
Flower power 1099,PI040298AD5I211178,2018-10-23 16:54:23,0.53,8.78,35.34,24.06
Flower power 1099,PI040298AD5I211178,2018-10-23 17:09:23,0.53,5.73,35.22,23.28
Flower power 1099,PI040298AD5I211178,2018-10-23 17:24:23,0.53,3.19,35.34,22.3
Flower power 1099,PI040298AD5I211178,2018-10-23 17:39:23,0.53,1.32,35.34,21.64
Flower power 1099,PI040298AD5I211178,2018-10-23 17:54:23,0.53,0.23,35.46,20.88
Flower power 1099,PI040298AD5I211178,2018-10-23 18:09:23,0.53,0.1,35.46,20.11
Flower power 1099,PI040298AD5I211178,2018-10-23 18:24:23,0.53,0.1,35.46,20.88
Flower power 1099,PI040298AD5I211178,2018-10-23 18:39:23,0.53,0.1,35.57,20.93
Flower power 1099,PI040298AD5I211178,2018-10-23 18:54:23,0.53,0.1,35.45,19.87
Flower power 1099,PI040298AD5I211178,2018-10-23 19:09:23,0.53,0.1,35.35,18.88
Flower power 1099,PI040298AD5I211178,2018-10-23 19:24:23,0.53,0.1,35.35,18.44
Flower power 1099,PI040298AD5I211178,2018-10-23 19:39:23,0.53,0.1,35.12,18.19
Flower power 1099,PI040298AD5I211178,2018-10-23 19:54:23,0.53,0.1,35.12,17.68
Flower power 1099,PI040298AD5I211178,2018-10-23 20:09:23,0.53,0.1,35.58,17.63
Flower power 1099,PI040298AD5I211178,2018-10-23 20:24:23,0.53,0.1,35.35,17.53
Flower power 1099,PI040298AD5I211178,2018-10-23 20:39:23,0.53,0.1,35.24,17.02
Flower power 1099,PI040298AD5I211178,2018-10-23 20:54:23,0.53,0.1,35.23,17.02
Flower power 1099,PI040298AD5I211178,2018-10-23 21:09:23,0.53,0.1,35.23,17.48
Flower power 1099,PI040298AD5I211178,2018-10-23 21:24:23,0.53,0.1,35.46,18.03
Flower power 1099,PI040298AD5I211178,2018-10-23 21:39:23,0.53,0.1,35.46,18.44
Flower power 1099,PI040298AD5I211178,2018-10-23 21:54:23,0.53,0.1,35.23,18.64
Flower power 1099,PI040298AD5I211178,2018-10-23 22:09:23,0.53,0.1,35.12,18.78
Flower power 1099,PI040298AD5I211178,2018-10-23 22:24:23,0.53,0.1,35.12,18.74
Flower power 1099,PI040298AD5I211178,2018-10-23 22:39:23,0.53,0.1,35.23,18.78
Flower power 1099,PI040298AD5I211178,2018-10-23 22:54:23,0.53,0.1,35.23,18.88
Flower power 1099,PI040298AD5I211178,2018-10-23 23:09:23,0.53,0.1,35.0,18.88
Flower power 1099,PI040298AD5I211178,2018-10-23 23:24:23,0.53,0.1,35.0,18.88
Flower power 1099,PI040298AD5I211178,2018-10-23 23:39:23,0.53,0.1,35.46,18.78
Flower power 1099,PI040298AD5I211178,2018-10-23 23:54:23,0.53,0.1,35.34,18.93
Flower power 1099,PI040298AD5I211178,2018-10-24 00:09:23,0.53,0.1,35.34,18.88
Flower power 1099,PI040298AD5I211178,2018-10-24 00:24:23,0.53,0.1,35.12,18.83
Flower power 1099,PI040298AD5I211178,2018-10-24 00:39:23,0.53,0.1,35.34,18.83
Flower power 1099,PI040298AD5I211178,2018-10-24 00:54:23,0.53,0.1,35.12,18.78
Flower power 1099,PI040298AD5I211178,2018-10-24 01:09:23,0.53,0.1,35.0,18.69
Flower power 1099,PI040298AD5I211178,2018-10-24 01:24:23,0.53,0.1,35.01,18.44
Flower power 1099,PI040298AD5I211178,2018-10-24 01:39:23,0.53,0.1,35.01,17.83
Flower power 1099,PI040298AD5I211178,2018-10-24 01:54:23,0.53,0.1,35.01,17.17
Flower power 1099,PI040298AD5I211178,2018-10-24 02:09:23,0.53,0.1,35.12,17.02
Flower power 1099,PI040298AD5I211178,2018-10-24 02:24:23,0.53,0.1,35.0,16.86
Flower power 1099,PI040298AD5I211178,2018-10-24 02:39:23,0.53,0.1,35.23,16.6
Flower power 1099,PI040298AD5I211178,2018-10-24 02:54:23,0.53,0.1,35.11,16.45
Flower power 1099,PI040298AD5I211178,2018-10-24 03:09:23,0.53,0.1,35.23,16.14
Flower power 1099,PI040298AD5I211178,2018-10-24 03:24:23,0.53,0.1,35.23,15.82
Flower power 1099,PI040298AD5I211178,2018-10-24 03:39:23,0.53,0.1,35.0,16.4
Flower power 1099,PI040298AD5I211178,2018-10-24 03:54:23,0.53,0.1,35.11,16.66
Flower power 1099,PI040298AD5I211178,2018-10-24 04:09:23,0.53,0.1,34.88,16.34
Flower power 1099,PI040298AD5I211178,2018-10-24 04:24:23,0.53,0.1,35.11,15.77
Flower power 1099,PI040298AD5I211178,2018-10-24 04:39:23,0.53,0.1,35.11,15.35
Flower power 1099,PI040298AD5I211178,2018-10-24 04:54:23,0.53,0.1,35.11,15.24
Flower power 1099,PI040298AD5I211178,2018-10-24 05:09:23,0.53,0.1,35.22,15.19
Flower power 1099,PI040298AD5I211178,2018-10-24 05:24:23,0.53,0.1,34.88,15.35
Flower power 1099,PI040298AD5I211178,2018-10-24 05:39:23,0.53,0.1,34.99,15.19
Flower power 1099,PI040298AD5I211178,2018-10-24 05:54:23,0.53,0.1,35.1,14.97
Flower power 1099,PI040298AD5I211178,2018-10-24 06:09:23,0.53,0.1,34.99,15.35
Flower power 1099,PI040298AD5I211178,2018-10-24 06:24:23,0.53,0.1,34.76,16.34
Flower power 1099,PI040298AD5I211178,2018-10-24 06:39:23,0.53,0.12,35.21,16.24
Flower power 1099,PI040298AD5I211178,2018-10-24 06:54:23,0.53,0.9,34.76,16.6
Flower power 1099,PI040298AD5I211178,2018-10-24 07:09:23,0.53,2.59,34.87,16.66
Flower power 1099,PI040298AD5I211178,2018-10-24 07:24:23,0.53,5.38,34.76,17.48
Flower power 1099,PI040298AD5I211178,2018-10-24 07:39:23,0.53,9.23,34.87,18.19
Flower power 1099,PI040298AD5I211178,2018-10-24 07:54:23,0.53,13.15,34.99,19.77
Flower power 1099,PI040298AD5I211178,2018-10-24 08:09:23,0.53,18.21,34.87,20.83
Flower power 1099,PI040298AD5I211178,2018-10-24 08:24:23,0.53,15.96,34.99,21.31
Flower power 1099,PI040298AD5I211178,2018-10-24 08:39:23,0.53,13.41,34.99,21.45
Flower power 1099,PI040298AD5I211178,2018-10-24 08:54:23,0.53,47.23,35.11,22.96
Flower power 1099,PI040298AD5I211178,2018-10-24 09:09:23,0.53,63.68,34.88,28.77
Flower power 1099,PI040298AD5I211178,2018-10-24 09:24:23,0.53,32.53,34.65,26.37
Flower power 1099,PI040298AD5I211178,2018-10-24 09:39:23,0.53,16.12,35.0,26.01
Flower power 1099,PI040298AD5I211178,2018-10-24 09:54:23,0.53,18.0,35.0,26.46
Flower power 1099,PI040298AD5I211178,2018-10-24 10:09:23,0.53,59.29,34.89,31.07
Flower power 1099,PI040298AD5I211178,2018-10-24 10:24:23,0.53,85.01,34.89,35.4
Flower power 1099,PI040298AD5I211178,2018-10-24 10:39:23,0.53,88.59,34.78,38.22
Flower power 1099,PI040298AD5I211178,2018-10-24 10:54:23,0.53,90.88,34.79,39.85
Flower power 1099,PI040298AD5I211178,2018-10-24 11:09:23,0.53,90.88,34.9,39.46
Flower power 1099,PI040298AD5I211178,2018-10-24 11:24:23,0.53,83.65,34.8,39.17
Flower power 1099,PI040298AD5I211178,2018-10-24 11:39:23,0.53,100.38,34.91,39.89
Flower power 1099,PI040298AD5I211178,2018-10-24 11:54:23,0.53,78.63,34.69,35.63
Flower power 1099,PI040298AD5I211178,2018-10-24 12:09:23,0.53,96.71,34.92,37.99
Flower power 1099,PI040298AD5I211178,2018-10-24 12:24:23,0.53,100.38,35.04,41.56
Flower power 1099,PI040298AD5I211178,2018-10-24 12:39:23,0.53,84.32,34.81,37.99
Flower power 1099,PI040298AD5I211178,2018-10-24 12:54:23,0.53,73.63,35.04,37.89
Flower power 1099,PI040298AD5I211178,2018-10-24 13:09:23,0.53,90.88,34.93,37.29
Flower power 1099,PI040298AD5I211178,2018-10-24 13:24:23,0.53,89.34,35.16,39.41
Flower power 1099,PI040298AD5I211178,2018-10-24 13:39:23,0.53,66.98,35.16,35.86
Flower power 1099,PI040298AD5I211178,2018-10-24 13:54:23,0.53,70.63,35.05,36.59
Flower power 1099,PI040298AD5I211178,2018-10-24 14:09:23,0.53,56.67,34.94,34.95
Flower power 1099,PI040298AD5I211178,2018-10-24 14:24:23,0.53,57.62,34.82,34.14
Flower power 1099,PI040298AD5I211178,2018-10-24 14:39:23,0.53,64.08,34.94,33.69
Flower power 1099,PI040298AD5I211178,2018-10-24 14:54:23,0.53,53.98,35.05,34.23
Flower power 1099,PI040298AD5I211178,2018-10-24 15:09:23,0.53,17.74,35.27,27.89
Flower power 1099,PI040298AD5I211178,2018-10-24 15:24:23,0.53,16.54,34.93,27.4
Flower power 1099,PI040298AD5I211178,2018-10-24 15:39:23,0.53,25.95,35.04,28.51
Flower power 1099,PI040298AD5I211178,2018-10-24 15:54:23,0.53,17.35,35.04,27.93
Flower power 1099,PI040298AD5I211178,2018-10-24 16:09:23,0.53,14.18,35.04,25.83
Flower power 1099,PI040298AD5I211178,2018-10-24 16:24:23,0.53,11.86,34.92,24.84
Flower power 1099,PI040298AD5I211178,2018-10-24 16:39:23,0.53,9.89,34.92,24.06
Flower power 1099,PI040298AD5I211178,2018-10-24 16:54:23,0.53,7.91,35.03,22.68
Flower power 1099,PI040298AD5I211178,2018-10-24 17:09:23,0.53,6.07,34.92,21.69
Flower power 1099,PI040298AD5I211178,2018-10-24 17:24:23,0.53,3.31,35.03,20.45
Flower power 1099,PI040298AD5I211178,2018-10-24 17:39:23,0.53,1.26,34.91,19.72
Flower power 1099,PI040298AD5I211178,2018-10-24 17:54:23,0.53,0.22,34.68,19.67
Flower power 1099,PI040298AD5I211178,2018-10-24 18:09:23,0.53,0.1,34.91,19.28
Flower power 1099,PI040298AD5I211178,2018-10-24 18:24:23,0.53,0.1,34.79,18.74
Flower power 1099,PI040298AD5I211178,2018-10-24 18:39:23,0.53,0.1,34.67,18.19
Flower power 1099,PI040298AD5I211178,2018-10-24 18:54:23,0.53,0.1,34.79,17.93
Flower power 1099,PI040298AD5I211178,2018-10-24 19:09:23,0.53,0.1,34.9,18.08
Flower power 1099,PI040298AD5I211178,2018-10-24 19:24:23,0.53,0.1,34.9,17.78
Flower power 1099,PI040298AD5I211178,2018-10-24 19:39:23,0.53,0.1,34.89,17.78
Flower power 1099,PI040298AD5I211178,2018-10-24 19:54:23,0.53,0.1,34.67,17.58
Flower power 1099,PI040298AD5I211178,2018-10-24 20:09:23,0.53,0.1,35.01,17.43
Flower power 1099,PI040298AD5I211178,2018-10-24 20:24:23,0.53,0.1,35.01,17.58
Flower power 1099,PI040298AD5I211178,2018-10-24 20:39:23,0.53,0.1,34.89,17.38
Flower power 1099,PI040298AD5I211178,2018-10-24 20:54:23,0.53,0.1,34.66,17.32
Flower power 1099,PI040298AD5I211178,2018-10-24 21:09:23,0.53,0.1,34.89,16.97
Flower power 1099,PI040298AD5I211178,2018-10-24 21:24:23,0.53,0.1,34.66,16.71
Flower power 1099,PI040298AD5I211178,2018-10-24 21:39:23,0.53,0.1,34.66,15.98
Flower power 1099,PI040298AD5I211178,2018-10-24 21:54:23,0.53,0.1,34.66,15.93
Flower power 1099,PI040298AD5I211178,2018-10-24 22:09:23,0.53,0.1,34.77,15.98
Flower power 1099,PI040298AD5I211178,2018-10-24 22:24:23,0.53,0.1,34.77,15.72
Flower power 1099,PI040298AD5I211178,2018-10-24 22:39:23,0.53,0.1,34.77,15.66
Flower power 1099,PI040298AD5I211178,2018-10-24 22:54:23,0.53,0.1,34.77,15.45
Flower power 1099,PI040298AD5I211178,2018-10-24 23:09:23,0.53,0.1,34.65,15.24
Flower power 1099,PI040298AD5I211178,2018-10-24 23:24:23,0.53,0.1,34.54,14.92
Flower power 1099,PI040298AD5I211178,2018-10-24 23:39:23,0.53,0.1,34.54,14.7
Flower power 1099,PI040298AD5I211178,2018-10-24 23:54:23,0.53,0.1,34.54,14.54
Flower power 1099,PI040298AD5I211178,2018-10-25 00:09:23,0.53,0.1,34.54,14.7
Flower power 1099,PI040298AD5I211178,2018-10-25 00:24:23,0.53,0.1,34.88,15.03
Flower power 1099,PI040298AD5I211178,2018-10-25 00:39:23,0.53,0.1,34.76,14.7
Flower power 1099,PI040298AD5I211178,2018-10-25 00:54:23,0.53,0.1,34.42,14.38
Flower power 1099,PI040298AD5I211178,2018-10-25 01:09:23,0.53,0.1,34.65,14.92
Flower power 1099,PI040298AD5I211178,2018-10-25 01:24:23,0.53,0.1,34.64,14.7
Flower power 1099,PI040298AD5I211178,2018-10-25 01:39:23,0.53,0.1,34.42,14.6
Flower power 1099,PI040298AD5I211178,2018-10-25 01:54:23,0.53,0.1,34.76,14.33
Flower power 1099,PI040298AD5I211178,2018-10-25 02:09:23,0.53,0.1,34.53,14.22
Flower power 1099,PI040298AD5I211178,2018-10-25 02:24:23,0.53,0.1,34.64,14.7
Flower power 1099,PI040298AD5I211178,2018-10-25 02:39:23,0.53,0.1,34.41,14.7
Flower power 1099,PI040298AD5I211178,2018-10-25 02:54:23,0.53,0.1,34.75,14.81
Flower power 1099,PI040298AD5I211178,2018-10-25 03:09:23,0.53,0.1,34.3,14.43
Flower power 1099,PI040298AD5I211178,2018-10-25 03:24:23,0.53,0.1,34.52,13.73
Flower power 1099,PI040298AD5I211178,2018-10-25 03:39:23,0.53,0.1,34.52,13.78
Flower power 1099,PI040298AD5I211178,2018-10-25 03:54:23,0.53,0.1,34.41,13.62
Flower power 1099,PI040298AD5I211178,2018-10-25 04:09:23,0.53,0.1,34.52,13.45
Flower power 1099,PI040298AD5I211178,2018-10-25 04:24:23,0.53,0.1,34.41,14.05
Flower power 1099,PI040298AD5I211178,2018-10-25 04:39:23,0.53,0.1,34.52,14.05
Flower power 1099,PI040298AD5I211178,2018-10-25 04:54:23,0.53,0.1,34.29,13.51
Flower power 1099,PI040298AD5I211178,2018-10-25 05:09:23,0.53,0.1,34.29,13.78
Flower power 1099,PI040298AD5I211178,2018-10-25 05:24:23,0.53,0.1,34.17,13.78
Flower power 1099,PI040298AD5I211178,2018-10-25 05:39:23,0.53,0.1,34.63,13.73
Flower power 1099,PI040298AD5I211178,2018-10-25 05:54:23,0.53,0.1,34.4,13.62
Flower power 1099,PI040298AD5I211178,2018-10-25 06:09:23,0.53,0.1,34.29,13.23
Flower power 1099,PI040298AD5I211178,2018-10-25 06:24:23,0.53,0.1,34.4,13.12
Flower power 1099,PI040298AD5I211178,2018-10-25 06:39:23,0.53,0.1,34.28,13.23
Flower power 1099,PI040298AD5I211178,2018-10-25 06:54:23,0.53,0.74,34.51,13.23
Flower power 1099,PI040298AD5I211178,2018-10-25 07:09:23,0.53,2.14,34.17,13.84
Flower power 1099,PI040298AD5I211178,2018-10-25 07:24:23,0.53,3.65,34.17,14.38
Flower power 1099,PI040298AD5I211178,2018-10-25 07:39:23,0.53,6.4,34.28,15.24
Flower power 1099,PI040298AD5I211178,2018-10-25 07:54:23,0.53,8.51,34.62,16.14
Flower power 1099,PI040298AD5I211178,2018-10-25 08:09:23,0.53,10.69,34.51,17.12
Flower power 1099,PI040298AD5I211178,2018-10-25 08:24:23,0.53,13.71,34.4,18.29
Flower power 1099,PI040298AD5I211178,2018-10-25 08:39:23,0.53,14.87,34.4,19.33
Flower power 1099,PI040298AD5I211178,2018-10-25 08:54:23,0.53,30.07,34.4,20.59
Flower power 1099,PI040298AD5I211178,2018-10-25 09:09:23,0.53,68.76,34.52,27.98
Flower power 1099,PI040298AD5I211178,2018-10-25 09:24:23,0.53,24.89,34.29,24.29
Flower power 1099,PI040298AD5I211178,2018-10-25 09:39:23,0.53,43.2,34.29,25.83
Flower power 1099,PI040298AD5I211178,2018-10-25 09:54:23,0.53,27.17,34.18,27.36
Flower power 1099,PI040298AD5I211178,2018-10-25 10:09:23,0.53,50.51,34.3,30.41
Flower power 1099,PI040298AD5I211178,2018-10-25 10:24:23,0.53,70.15,34.42,31.91
Flower power 1099,PI040298AD5I211178,2018-10-25 10:39:23,0.53,53.98,34.53,33.11
Flower power 1099,PI040298AD5I211178,2018-10-25 10:54:23,0.53,54.85,34.31,30.45
Flower power 1099,PI040298AD5I211178,2018-10-25 11:09:23,0.53,49.29,34.54,34.27
Flower power 1099,PI040298AD5I211178,2018-10-25 11:24:23,0.53,40.43,34.32,29.57
Flower power 1099,PI040298AD5I211178,2018-10-25 11:39:23,0.53,48.35,34.55,31.07
Flower power 1099,PI040298AD5I211178,2018-10-25 11:54:23,0.53,42.29,34.32,29.61
Flower power 1099,PI040298AD5I211178,2018-10-25 12:09:23,0.53,59.63,34.55,31.29
Flower power 1099,PI040298AD5I211178,2018-10-25 12:24:23,0.53,48.82,34.55,30.94
Flower power 1099,PI040298AD5I211178,2018-10-25 12:39:23,0.53,48.82,34.33,30.85
Flower power 1099,PI040298AD5I211178,2018-10-25 12:54:23,0.53,43.57,34.22,29.92
Flower power 1099,PI040298AD5I211178,2018-10-25 13:09:23,0.53,38.42,34.33,29.22
Flower power 1099,PI040298AD5I211178,2018-10-25 13:24:23,0.53,33.98,34.68,28.29
Flower power 1099,PI040298AD5I211178,2018-10-25 13:39:23,0.53,46.58,34.33,29.88
Flower power 1099,PI040298AD5I211178,2018-10-25 13:54:23,0.53,43.76,34.45,30.1
Flower power 1099,PI040298AD5I211178,2018-10-25 14:09:23,0.53,41.77,34.34,29.83
Flower power 1099,PI040298AD5I211178,2018-10-25 14:24:23,0.53,41.59,34.45,30.5
Flower power 1099,PI040298AD5I211178,2018-10-25 14:39:23,0.53,30.53,34.23,29.97
Flower power 1099,PI040298AD5I211178,2018-10-25 14:54:23,0.53,27.09,34.45,26.78
Flower power 1099,PI040298AD5I211178,2018-10-25 15:09:23,0.53,21.3,34.34,26.01
Flower power 1099,PI040298AD5I211178,2018-10-25 15:24:23,0.53,25.08,34.34,26.46
Flower power 1099,PI040298AD5I211178,2018-10-25 15:39:23,0.53,32.43,34.34,28.69
Flower power 1099,PI040298AD5I211178,2018-10-25 15:54:23,0.53,18.17,34.45,27.04
Flower power 1099,PI040298AD5I211178,2018-10-25 16:09:23,0.53,13.43,34.22,25.25
Flower power 1099,PI040298AD5I211178,2018-10-25 16:24:23,0.53,9.39,34.45,23.7
Flower power 1099,PI040298AD5I211178,2018-10-25 16:39:23,0.53,6.55,34.34,22.91
Flower power 1099,PI040298AD5I211178,2018-10-25 16:54:23,0.53,4.38,34.33,22.21
Flower power 1099,PI040298AD5I211178,2018-10-25 17:09:23,0.53,2.91,34.56,21.55
Flower power 1099,PI040298AD5I211178,2018-10-25 17:24:23,0.53,2.88,34.44,21.26
Flower power 1099,PI040298AD5I211178,2018-10-25 17:39:23,0.53,1.4,34.44,21.17
Flower power 1099,PI040298AD5I211178,2018-10-25 17:54:23,0.53,0.14,34.21,19.62
Flower power 1099,PI040298AD5I211178,2018-10-25 18:09:23,0.53,0.1,34.44,18.64
Flower power 1099,PI040298AD5I211178,2018-10-25 18:24:23,0.53,0.1,34.44,18.93
Flower power 1099,PI040298AD5I211178,2018-10-25 18:39:23,0.53,0.1,34.55,19.03
Flower power 1099,PI040298AD5I211178,2018-10-25 18:54:23,0.53,0.1,34.32,19.03
Flower power 1099,PI040298AD5I211178,2018-10-25 19:09:23,0.53,0.1,34.32,18.78
Flower power 1099,PI040298AD5I211178,2018-10-25 19:24:23,0.53,0.1,34.43,18.39
Flower power 1099,PI040298AD5I211178,2018-10-25 19:39:23,0.53,0.1,34.43,18.24
Flower power 1099,PI040298AD5I211178,2018-10-25 19:54:23,0.53,0.1,34.2,17.83
Flower power 1099,PI040298AD5I211178,2018-10-25 20:09:23,0.53,0.1,34.54,17.63
Flower power 1099,PI040298AD5I211178,2018-10-25 20:24:23,0.53,0.1,34.54,17.17
Flower power 1099,PI040298AD5I211178,2018-10-25 20:39:23,0.53,0.1,34.31,17.07
Flower power 1099,PI040298AD5I211178,2018-10-25 20:54:23,0.53,0.1,34.08,17.17
Flower power 1099,PI040298AD5I211178,2018-10-25 21:09:23,0.53,0.1,34.42,17.27
Flower power 1099,PI040298AD5I211178,2018-10-25 21:24:23,0.53,0.1,34.31,17.68
Flower power 1099,PI040298AD5I211178,2018-10-25 21:39:23,0.53,0.1,34.08,17.68
Flower power 1099,PI040298AD5I211178,2018-10-25 21:54:23,0.53,0.1,34.31,16.97
Flower power 1099,PI040298AD5I211178,2018-10-25 22:09:23,0.53,0.1,34.42,16.6
Flower power 1099,PI040298AD5I211178,2018-10-25 22:24:23,0.53,0.1,34.42,16.5
Flower power 1099,PI040298AD5I211178,2018-10-25 22:39:23,0.53,0.1,34.19,16.5
Flower power 1099,PI040298AD5I211178,2018-10-25 22:54:23,0.53,0.1,34.42,16.5
Flower power 1099,PI040298AD5I211178,2018-10-25 23:09:23,0.53,0.1,34.19,16.5
Flower power 1099,PI040298AD5I211178,2018-10-25 23:24:23,0.53,0.1,34.08,16.55
Flower power 1099,PI040298AD5I211178,2018-10-25 23:39:23,0.53,0.1,34.08,16.4
Flower power 1099,PI040298AD5I211178,2018-10-25 23:54:23,0.53,0.1,34.42,16.66
Flower power 1099,PI040298AD5I211178,2018-10-26 00:09:23,0.53,0.1,34.19,16.86
Flower power 1099,PI040298AD5I211178,2018-10-26 00:24:23,0.53,0.1,34.3,17.22
Flower power 1099,PI040298AD5I211178,2018-10-26 00:39:23,0.53,0.1,33.96,16.66
Flower power 1099,PI040298AD5I211178,2018-10-26 00:54:23,0.53,0.1,34.41,16.5
Flower power 1099,PI040298AD5I211178,2018-10-26 01:09:23,0.53,0.1,34.18,16.08
Flower power 1099,PI040298AD5I211178,2018-10-26 01:24:23,0.53,0.1,34.18,16.55
Flower power 1099,PI040298AD5I211178,2018-10-26 01:39:23,0.53,0.1,34.18,16.86
Flower power 1099,PI040298AD5I211178,2018-10-26 01:54:23,0.53,0.1,34.18,17.22
Flower power 1099,PI040298AD5I211178,2018-10-26 02:09:23,0.53,0.1,34.07,17.32
Flower power 1099,PI040298AD5I211178,2018-10-26 02:24:23,0.53,0.1,34.3,16.97
Flower power 1099,PI040298AD5I211178,2018-10-26 02:39:23,0.53,0.1,34.18,16.86
Flower power 1099,PI040298AD5I211178,2018-10-26 02:54:23,0.53,0.1,34.07,17.32
Flower power 1099,PI040298AD5I211178,2018-10-26 03:09:23,0.53,0.1,34.18,17.53
Flower power 1099,PI040298AD5I211178,2018-10-26 03:24:23,0.53,0.1,34.07,17.27
Flower power 1099,PI040298AD5I211178,2018-10-26 03:39:23,0.53,0.1,33.84,17.32
Flower power 1099,PI040298AD5I211178,2018-10-26 03:54:23,0.53,0.1,34.07,17.53
Flower power 1099,PI040298AD5I211178,2018-10-26 04:09:23,0.53,0.1,34.07,17.58
Flower power 1099,PI040298AD5I211178,2018-10-26 04:24:23,0.53,0.1,33.84,17.38
Flower power 1099,PI040298AD5I211178,2018-10-26 04:39:23,0.53,0.1,34.18,17.32
Flower power 1099,PI040298AD5I211178,2018-10-26 04:54:23,0.53,0.1,33.95,17.17
Flower power 1099,PI040298AD5I211178,2018-10-26 05:09:23,0.53,0.1,33.95,17.27
Flower power 1099,PI040298AD5I211178,2018-10-26 05:24:23,0.53,0.1,33.95,17.02
Flower power 1099,PI040298AD5I211178,2018-10-26 05:39:23,0.53,0.1,33.95,17.12
Flower power 1099,PI040298AD5I211178,2018-10-26 05:54:23,0.53,0.1,34.06,17.32
Flower power 1099,PI040298AD5I211178,2018-10-26 06:09:23,0.53,0.1,33.95,17.48
Flower power 1099,PI040298AD5I211178,2018-10-26 06:24:23,0.53,0.1,34.06,17.88
Flower power 1099,PI040298AD5I211178,2018-10-26 06:39:23,0.53,0.1,33.95,18.03
Flower power 1099,PI040298AD5I211178,2018-10-26 06:54:23,0.53,0.13,34.18,17.98
Flower power 1099,PI040298AD5I211178,2018-10-26 07:09:23,0.53,0.52,34.06,18.13
Flower power 1099,PI040298AD5I211178,2018-10-26 07:24:23,0.53,1.11,34.06,17.98
Flower power 1099,PI040298AD5I211178,2018-10-26 07:39:23,0.53,1.47,33.95,17.93
Flower power 1099,PI040298AD5I211178,2018-10-26 07:54:23,0.53,2.12,33.84,18.13
Flower power 1099,PI040298AD5I211178,2018-10-26 08:09:23,0.53,2.45,33.84,18.34
Flower power 1099,PI040298AD5I211178,2018-10-26 08:24:23,0.53,4.32,33.95,18.69
Flower power 1099,PI040298AD5I211178,2018-10-26 08:39:23,0.53,6.23,33.95,19.33
Flower power 1099,PI040298AD5I211178,2018-10-26 08:54:23,0.53,7.5,34.18,19.53
Flower power 1099,PI040298AD5I211178,2018-10-26 09:09:23,0.53,9.46,33.95,20.3
Flower power 1099,PI040298AD5I211178,2018-10-26 09:24:23,0.53,11.52,33.84,21.17
Flower power 1099,PI040298AD5I211178,2018-10-26 09:39:23,0.53,17.8,33.84,21.88
Flower power 1099,PI040298AD5I211178,2018-10-26 09:54:23,0.53,15.13,34.18,22.26
Flower power 1099,PI040298AD5I211178,2018-10-26 10:09:23,0.53,14.07,34.19,22.49
Flower power 1099,PI040298AD5I211178,2018-10-26 10:24:23,0.53,12.29,33.85,23.28
Flower power 1099,PI040298AD5I211178,2018-10-26 10:39:23,0.53,43.95,33.96,26.15
Flower power 1099,PI040298AD5I211178,2018-10-26 10:54:23,0.53,43.76,34.08,29.26
Flower power 1099,PI040298AD5I211178,2018-10-26 11:09:23,0.53,40.43,33.86,29.7
Flower power 1099,PI040298AD5I211178,2018-10-26 11:24:23,0.53,113.2,33.75,39.8
Flower power 1099,PI040298AD5I211178,2018-10-26 11:39:23,0.53,44.92,34.09,31.82
Flower power 1099,PI040298AD5I211178,2018-10-26 11:54:23,0.53,52.06,33.87,30.67
